Anticoagulation
23832064
23765560
23754514
23866969
23406675
24274520
23973654
23625693
23463187
23893881
23964817
23958275
23052111
23712587
24094602
23876378
23993157
23958180
23937286
23750513
23540535
23835467
23242740
23846172
23846019
24050826
22989603
23666610
23746003
23305158
22473028
23848430
24354237
23459999
23856678
23876650
23808983
23808982
23747777
24026260
24156099
23925867
24049843
23642380
23613159
23672879
23681109
23151091
23615159
23782955
23846736
23645472
23532364
23512159
23896498
23714416
23892573
23765180
23739841
23915217
23768448
23602776
23817575
23712644
23816673
23701516
23808469
23846055
23294275
23790595
23535530
23759472
23723250
22272907
23914351
23662974
23895025
23470618
23501173
23644908
23659614
23574579
24205696
23818798
23778921
23778903
23416382
23695644
23810130
23953907
23953905
23953903
23953902
23953901
23953899
23560605
22915548
22952215
23494907
23470494
23644213
23863207
23587152
23590653
23528042
23940851
23859143
23709725
23494009
23673387
23909016
23737945
23031289
23675668
23675667
23675666
23675665
23640529
23500298
23647744
23500262
23530052
23584314
23613095
23461610
23078631
23456539
23140527
23544968
23374371
23632424
23333933
23625324
23524440
23748516
23288722
23313164
23433900
22924409
23106384
23546483
23389892
23333175
23414291
23547865
23100275
23357839
23398670
23514989
23514988
23558624
23455714
23364321
23394539
23448155
23438423
23220618
23381840
23487580
23294934
23467222
23816779
23402464
23397554
23122931
23423204
23218999
23391196
23388003
23381226
23224686
23338902
23292752
23220847
23466968
23466965
23466964
23172304
22959138
23312927
23513780
23470827
23271455
23347120
23319810
23212720
23200896
23320987
24772670
21317627
23273505
23263338
24066371
23103726
23365773
24029592
23378750
23479837
23328267
23163428
22934291
22329675
22668425
22409291
22541035
22541031
22541030
22541029
22648489
22682119
22133273
21851967
21840043
22624265
22144183
22354465
22311630
22077374
22355190
22244010
22385182
22682206
22451467
22422332
22422327
22422326
22371104
22348973
22336844
22049520
22315277
22315269
22315264
22109539
22081368
22143201
22031623
22292869
22272710
22288673
21883447
21848931
21831129
22270404
22264366
22221506
22187012
22186946
22641998
22079712
22155248
22216849
22077849
22077192
24279001
23230650
21964405
22042412
21819239
21740405
22298161
22261539
22372178
22372172
22800431
22826692
22830344
22680641
22259168
22891439
22313973
22786687
22777255
21822525
22566220
23233631
23233628
23233620
23206451
22310127
23080100
22993019
23089119
23013946
21822767
22900053
22383955
23243913
23160166
22565540
22690484
24278706
23213626
22949768
22465921
22040919
22182957
22044620
22041058
22001539
22173426
21995444
22082677
21864021
22152517
21986468
21986465
21885951
21615383
20626755
21822144
22177764
22122180
22012070
21946952
21872908
21824646
22125670
22093501
22072096
21883380
21623708
22012548
22006185
21920015
21910821
22008738
22308803
22277459
21998051
21901233
22035050
21900088
21954450
21799400
21848880
21229355
21676958
20626401
20553278
21895039
21744157
21935756
21819539
21811937
22111356
21956181
22099406
22286737
22000094
21458847
21517891
21880887
21950180
21870978
21800826
21745652
21820844
21723081
21605928
22041827
21730835
21461793
21406027
21892216
21729240
22153026
22031688
21800011
22066163
21761917
21860366
21861537
21673107
21732671
21910293
21833915
21740079
21647574
21421599
21663525
21747349
21668558
21454037
20889286
21527535
20451919
21516308
21465129
21788962
21453683
20535013
21712506
21577096
21881694
21537165
21809964
21501649
21797743
21112648
20531960
20494125
20479087
20355714
20230412
20402553
20450295
20050927
19714446
20866007
20199386
20216982
19699510
19931652
20199704
21083465
20002787
20088937
20088935
20088934
20353992
20424539
20174765
20174756
20174751
20135059
20188400
20184328
20053999
20234784
20211294
20211293
20211292
20131309
20139357
20139354
20135753
20010091
20425168
19940026
20074017
21120157
20170841
20179722
20203456
20135071
20135058
20022942
20170785
20100660
20103015
19943881
19882363
20167958
20024502
20006499
20103080
19936577
19805567
20865688
20858184
20166954
19485937
19817996
19851712
19838770
20617418
20617417
20617416
20062934
20062925
20062915
20135590
19900814
19884015
19896847
20127214
19823782
19661488
19861238
19741508
20040270
19929210
21591512
19925048
20648275
20201481
19967150
19482341
19715676
19818773
20101880
19853689
19743898
19880782
19895959
19838769
19858963
19719823
19888540
19888526
19888525
19888520
19888512
20137335
19728745
19738103
19762539
19632306
19782914
19470393
19624460
19283449
19726226
19801990
19773793
19911670
19729112
19717184
19789124
19550318
19930848
19899386
19787562
19716953
19531655
19657123
18950743
19638915
19006655
19541481
19540113
19644599
19644596
19561526
19172319
19500242
19543696
19291367
19506978
19743567
19660005
19408066
19695405
19395952
19562646
19601856
19200624
19356953
19444622
19422447
19739042
19446556
19470889
19446753
19665679
18996625
19505272
19505271
19365276
19327323
19637411
19196846
19196845
19405790
19712596
19411648
19407299
18979533
19458308
19404557
19404539
19195682
19588301
19297158
19297154
19351313
19253346
19427610
19657318
19353468
19222611
19002653
19342758
19187079
19175499
19350129
19038418
19452598
19224778
19117960
19296760
20039507
18661541
19124079
19277416
18829072
19378862
19193009
19157882
17567541
17536795
17416533
17462889
17379841
17363687
17581239
17410124
17509077
17595891
17520842
19804221
17479171
17461929
17665617
17338508
17536609
17039513
17413764
17430216
17426080
17371192
17488668
17474542
17371645
17388799
17427057
17393021
17219083
17227710
17329879
17408122
17380210
17523450
17334522
17334516
17173931
17268108
17279275
17323032
17285453
17092304
17179958
17082493
17701479
17313362
17233548
17072855
17555117
17200781
17200777
17200767
18023704
17292948
17118432
16515805
17181160
17176096
17046833
16914317
16982190
17178269
17139573
17054310
17139378
17139376
17139369
17116766
16945540
16982192
17076521
17146553
17415470
17059471
18221095
17171593
17171591
17023085
16940049
17004727
16870435
16873382
17073609
17073589
16904877
17020434
17018385
17063975
16938875
16880140
16905948
17018503
16953267
16953263
16621574
16849000
16859389
16884995
16855073
16842328
16918492
16697194
16682200
16923023
16923021
16959679
16839346
16848746
16480745
16731104
16787149
16677284
16821477
16778722
16517611
16619025
16756088
16801996
16676051
16638738
16497407
16537725
16613771
16499718
16634754
16542576
16263291
16460443
16460439
16671267
16562602
16637459
16488980
16478891
16553239
16257204
16409298
16462058
16547433
16448321
16446514
16261634
16475045
16475037
16444583
16517985
16493482
16342336
16316651
16398518
16790078
16906775
16146728
17124098
17094640
16397283
16409461
16230049
16842104
15882894
17323590
16204244
16310608
16302799
16394906
16411388
16141208
16299249
16140530
16390793
16363253
16363236
16269997
16269996
16269995
16137886
16084083
16198660
16079143
16161994
16023626
16291417
16131432
16100294
16253651
16168888
16268467
16308283
16042383
16084352
15890436
16113753
16113752
16113749
15988604
16102051
16119704
15999990
16156320
16156297
14620791
14669995
12968985
14653441
12974723
15320473
14584239
14508232
12974872
12974870
14502551
12815039
12832413
12954058
12960609
12960606
12913786
14582456
14570311
12941037
12941035
12941031
14604243
14604242
12906966
12878132
12960499
12883328
12911591
14552116
12824035
12851531
12847561
15583451
12695507
12782609
12783575
12846479
12798541
12820819
12768805
12723948
12701115
12732352
12720491
12720490
12768175
15199483
15199472
12591924
12670327
12812377
12719661
12871406
12735228
12735227
12639568
12639567
12639557
12565961
12517432
12588347
12627673
12623427
12579101
12871516
12871499
12696182
12598848
12706639
14727932
12874959
12524220
14556456
14556454
14556453
12643318
14572200
14529395
12570937
12738903
14658922
12638473
12638471
12540961
12540955
15041274
12679128
12679126
14648923
12501211
12501180
12496240
12466122
12456408
12441911
12532610
12421422
12438543
12438519
12529753
12433488
12433487
12427650
12407644
12463580
12463579
12463578
12463577
12463576
12424505
12501872
12572177
12402196
12428086
12117418
12369826
12356319
12516682
12714831
12238925
12565723
12196081
12200805
12237534
12235452
12172443
12378958
12904144
12383911
13679646
12353073
12431477
12113838
12057649
12430898
12153711
12130670
12244487
12244484
12244482
12232821
12093492
11971909
12169879
12177691
12091128
12362512
12124678
12124677
12152674
12076649
12063117
12039587
12036356
12031331
12032393
12557411
12032429
12371384
12073178
12073177
12073176
12083506
12175618
12039803
12022882
11893748
12021225
11854268
12040334
12022563
11886813
12372928
12038785
12038783
12356488
11939795
11939772
12182917
11950688
12023851
11943930
11985578
12420761
11881992
11937438
11861278
11866668
12062547
12062546
11741914
12031830
12031824
11915937
12020055
11829731
11854880
11803247
11837793
10759005
10677232
10688985
10666207
10660568
10698439
10708177
11060682
10716178
10739398
10644732
10645925
10636232
10894904
11251354
11251341
10604970
11011805
11011804
10664333
10604885
10606750
10574918
10636461
10606880
10748713
10630515
10598121
10746083
10844403
10595641
10595640
10543957
10512718
10574591
10517730
10517729
10521388
10497177
10548061
10554083
10556567
10479289
10479288
10462445
10479671
10493218
10493212
10511061
10507625
10980843
10543187
10610007
10460149
10433728
10488963
10493227
10450972
10421973
10354124
10426632
10391423
10427858
15992116
10365760
10466208
10466207
10227240
10328305
10328304
10328604
10089317
10089309
10218727
10201024
10201371
10740407
10420478
10037444
10192653
10348139
10342041
10189177
10102469
10074907
9950667
10097826
10050702
10090527
10197265
10022353
10064015
10063994
10063992
10368273
10725976
10702701
10629396
9867819
10364817
10549718
10549717
10549716
9856996
9863791
9836616
9832697
9804761
9834152
9890144
9829622
9798974
9737884
9736590
9726985
9737475
9737473
9733480
9801822
9716589
9819000
9873520
9873490
9694825
9748709
9675160
9736918
9733157
9692958
9685655
9873400
9642241
9692422
9713170
9714039
9614093
9620494
9596667
9690805
9765659
9657442
9683019
9565566
9588392
9595213
15991961
9652897
9609244
9653887
9553135
9539808
9535891
9539494
9663756
9597517
9649059
9569205
9516447
9546673
9497347
9473226
9473218
9622211
9486969
9690170
9546248
9531058
9531037
9468488
9484990
9538866
9493600
9493587
9454596
9464501
9638965
9445253
9484858
9691438
9468645
9647407
9747989
10520757
9438022
9761680
9695646
9701450
9579631
9438869
9384448
9473127
9353333
9409254
9398399
9408021
9342326
9336312
9399404
9364998
9364988
7647225
7647223
7641602
7545449
7727433
7786769
7631300
7739010
7711029
7482429
7726132
7706485
7495089
7495073
7778068
7888673
7667826
7667822
7738778
7741998
7656731
7656730
7844473
7727808
7538849
7811727
7832187
7677282
7598447
7803789
7712662
8568569
8568567
7660142
7660140
7740503
7740500
7712286
7983877
7740455
7740450
7740449
7947827
7980463
7765555
7843480
7895895
7815406
7900078
7534945
7918495
7919374
7948298
7865689
7865687
7865684
7865681
7899138
7925983
7831687
7831680
7841596
7855790
7855787
7855785
7855780
8063724
8049429
7976149
7805084
7971256
7831665
7831664
7831649
7518431
8073407
8011652
8009227
8015315
8042187
8176707
8164262
8029816
8159751
8142399
7518699
8146182
8073396
8181006
8124815
8029801
8029799
8029795
8029794
8029793
8029789
8016818
8112345
8292610
8171416
7802862
8280781
8276848
8280090
8186356
8111795
7959357
8014289
7947469
8132848
7830857
7831358
7831355
7997892
7997890
7997889
7997886
7824961
8262929
8165616
8180328
8180327
8180324
8180323
8137606
8303690
8251484
8310445
8115989
8292719
8292716
8104182
8401232
8349638
8236160
8236146
8236137
8218854
8362380
8396956
8236107
8515472
8370675
8408111
8514893
8501344
8518563
8212732
7686692
8486759
8473344
8473315
8473305
8471766
8390849
8443391
8495862
8388358
8388357
8388348
8388347
8470046
8388583
8470058
8428962
8426361
8381308
8446935
8412794
8271959
8395727
8362268
1457408
1309058
1290165
1445252
1338741
1445385
1329921
1329920
1440535
1332210
1387643
1412226
1412217
1632634
1637785
1418069
1420819
1325078
1618758
1606162
1375944
1586738
1643202
1322691
1576736
1392615
1332180
1329257
2925612
2541026
2467958
2522014
2749590
2665164
2546279
2473537
2914965
2541240
2470652
2786690
2786689
2735663
2735662
2735661
2735660
2660683
2544128
2544127
2544125
2920007
2554949
2910581
2483715
2483705
2807038
2731778
2537788
2537786
2537785
2768958
2654146
2910909
3266379
3238649
3238648
2976993
2853459
2853458
3055954
3196877
3143429
2461754
2974048
2851882
2849981
2463035
3217915
2851191
3262615
2971660
3201396
2902851
2852498
3187951
2847351
3136794
3164720
2850327
3166242
2847348
3261898
3164387
3162814
3164529
2838927
2838926
2838924
3164217
2965640
2836782
3164530
2830924
3422166
2847461
2847460
2847459
2461017
2850903
2465215
2459011
3294127
2840378
2840376
2840374
2840373
2840371
2971155
3174726
3481885
2832964
2963622
2965430
3481140
2829376
3321439
3621562
2962916
3629561
2442830
3689495
2823841
3606928
3585139
3629221
3629543
3603435
2443128
3603432
3603420
3603409
3606581
3590093
3590088
3590085
2958956
2821646
3623263
3609913
3114102
2836497
2834499
2834498
2834497
2834495
2834494
2834480
2834478
3563971
3563964
3551180
2436327
3104578
3810569
3810564
3810562
2433788
3782075
3807263
3798412
3801083
2432885
3764813
3764809
3800942
3775773
3738864
3722168
3013935
3726798
3715820
3087016
3458256
3715791
3754988
2422778
2421604
3085557
3494415
3954724
3530562
2936571
3710299
3710298
3710297
3710293
3710292
3710291
3710290
3086193
2423421
2423420
3805895
2953835
2955253
3941753
3562219
3517772
4089818
3836552
4089830
4089797
3878009
3908368
4089823
3896792
4082106
3929705
2411283
3875633
3161213
4048955
4048954
4048953
4024047
3997857
2994929
4012669
3995171
