CFTR
24583165
24412276
23800975
23765701
24448802
23952705
24038832
23727931
23785472
23664284
24758101
23687349
23504457
23676501
24236172
23331027
24429096
24225052
23620589
23921386
23483918
23457167
23523754
24204804
23045527
23463513
23613805
22874761
24095197
24736260
23810505
22496330
22658665
23555973
23514810
23949358
23784545
24608905
23760269
24315439
24019521
22846720
24440181
23933162
23992917
22627569
23837941
22572733
22951447
22859830
22301109
24220302
22964850
22383668
24129438
23520314
24500283
23680006
24106596
24534272
24416359
24398014
22833409
22393940
22442149
23982976
23711435
22973054
22396015
24586523
21825083
23891399
24520399
22170306
24461666
23964622
23934925
23082198
24529904
22698459
22942289
24393850
22879944
22892530
24535988
23060444
24696795
24123772
23346057
24901709
23895508
24004658
23924900
21779199
23185247
24293414
23790242
21907281
23617438
23809253
23773658
23922647
23071149
22170719
22310382
22948143
24298580
23903699
23782101
21496124
24770751
21628448
22047557
21967060
22315512
21983161
21525008
22680785
22474283
21642944
23331030
23331031
23653393
23600628
23750297
23457166
23671668
22711878
21642448
23409389
24081768
24081769
23686137
23616952
23709221
21723850
24282073
21039334
21602569
21486785
23436935
22467879
22366595
22210114
21659619
23148778
24200884
24040112
23505426
21097845
24440239
22483971
23757197
23470247
24309546
23826884
23742042
23284076
23865422
21548936
23072488
23835419
23361109
24056672
21811577
23856023
23209179
24220283
22326559
22311127
23378603
22700489
20729267
24178769
23331028
21285372
22874563
23732851
24060979
21349786
23666117
23574506
22841006
24204751
22679000
23590265
24318115
21914796
21228336
23269368
21909392
25093022
24566881
22821996
22927224
23864604
24561544
21083385
21931164
20861014
21422883
22332135
20166764
18779379
22036338
23712087
21422098
20967843
21594798
21594794
20889525
21707078
19012687
20167933
19944699
20876359
20200141
20332619
23740884
20880762
22011646
20510657
19144995
21547734
19906953
21893120
20215869
24231943
21547735
21746847
21658643
21175684
24423241
24282147
24014130
20207026
22212348
21843195
23270638
21836520
20460946
20381036
19852935
21091780
22685498
24829907
24438707
20739746
20571109
20089668
20681990
21148790
23990462
21151921
20193032
18424453
20581470
21429822
19318346
20631008
22047565
22442927
20819945
21257352
20421370
20050827
21658636
19927121
20375556
20130090
21030522
20051989
20233062
19019741
21063095
20360044
17662673
21156814
20624691
20059381
19617352
20309604
24502094
21443272
23688510
20530065
19617399
21177083
20011209
20337169
21654649
22781910
21474640
20052766
19947594
24551767
19502384
20393308
22369017
21594784
19788494
18757309
21372122
19880661
20351096
21068693
19923167
19017867
19880323
21494150
22773549
18285607
22700245
23343619
20164375
21185916
19257851
20965165
19707853
20628841
23160301
19910674
21536020
19752774
20373765
19766125
19918082
20089840
19131642
24970162
22966013
21998142
20521170
20805575
20595578
21077791
20952496
23343000
20715420
21419343
19133329
21131241
20116881
19903491
20460375
22797251
20673710
22515107
19436330
19642903
21059651
20351190
20727849
21594803
20675272
20619026
18931328
19328185
20194130
21998660
18687795
20179644
23560079
19897426
22606534
20082341
21594781
20089831
17590432
19535511
23645634
20950468
21151762
19760540
20879059
18167357
20110677
19889841
20585638
19715466
20233947
17654517
20080093
22439061
20110417
20397273
19890664
20347403
20309575
20150177
20227074
21594786
20562123
20429932
19429440
19136560
24388274
20701015
20430874
18215773
18301292
18006891
15336594
16127463
14729871
11845305
11287314
10580645
9755044
7522901
18616886
21594778
24703093
10352950
16901789
16804061
15936089
9725921
18223673
9613608
18294702
18992954
9725922
18782827
18239192
17975008
24257348
8661514
24050204
16798114
15870673
14719993
12083969
11694004
10922041
9482713
1370488
11110839
10915740
10419506
9813087
8616723
8428507
23133422
17212919
1385049
11875269
10940786
10037693
9565413
9097955
8766513
7533609
1381723
14748292
9294121
9135733
1286796
24378610
18344710
18769034
17975025
11130462
11069835
7544810
18262467
7533606
17400751
11845299
19726878
7544595
10652362
11815669
12955726
8723647
15007059
10347100
9654209
23768522
17018149
15105504
11309505
9466061
9239681
21220929
19335897
11875262
8910333
10926557
7511616
14515130
18598217
22914644
18040894
18766277
10445036
8528672
12032687
1378393
21594780
11180400
10651488
7530246
1716244
7691345
18361452
16083720
11014930
8663008
21732355
20080601
17641299
11845316
8572187
7692736
17960347
12783301
11845311
10089568
7519398
17035430
16927955
9156806
1379244
20448835
16099848
9130164
7519885
18047834
17443603
18417076
8557264
18790990
9472784
17382898
16540796
11485630
10738548
7543684
7540133
7515498
7510684
1378998
1377165
1370301
1712898
14644010
22936272
18337312
16113406
15466369
15173476
12079272
8663158
7523390
7691187
7680322
7678008
1372390
7680769
16150931
15126740
11003589
9759548
9705235
11713770
12070134
11177537
8662892
1284810
24018950
20865746
20140303
18045644
24001788
23540394
9355728
18304008
16470247
7676319
18394117
14967738
11547345
7680530
1282304
16497995
12109214
11208075
18209474
18769035
17936375
18793942
20472865
19014055
17913705
18822253
18537594
11400861
17024213
16132229
21765932
14745501
16481896
15272010
15075371
24115633
7511414
17213331
16385442
16185859
15964250
14522463
12943157
12930913
12231476
11794881
11270251
10794365
7533608
21547730
15084222
11717455
1376017
15077107
11420207
17506901
11426337
8889582
1716180
16773960
15638824
15633186
15064229
14769732
14671928
12001283
11265619
11076391
9493456
1378801
1379473
15967736
11547256
1281035
1722205
9338018
7513294
7514569
17113596
16997881
22216285
21859305
17015704
15060073
15047694
15020588
14742736
14688350
14570915
12651858
12379722
12167629
11913463
11270501
10914639
10748197
10555560
10206998
9797105
9705313
9508803
9591500
9466991
9346969
8807590
8557666
8788939
8519988
18167343
11580305
17381427
17347778
17178109
17012229
17005267
16987996
16469739
16239222
15546864
15347468
12427743
12403779
11875261
11404242
10959824
10893239
10814518
10673540
10024598
9925879
9920885
9606148
9575788
9547020
9359918
9342367
7559642
1379613
10898755
18432269
16713399
22207244
12172647
15463933
22960413
14685937
17853942
9212168
7506258
16624253
17178710
12194970
22231356
12529365
22301426
16144754
7514446
21284574
22245490
18078202
15463919
7541273
7513889
9174362
20949073
11845306
1373612
16436646
16423550
15510062
14679190
12391889
12181292
11715942
10793926
10480369
10478873
9616231
1371876
1719773
1706309
16870510
15463935
10415847
9401006
8875228
8825868
7530672
7511817
7685652
7684646
1385213
1281033
7510877
24534633
19439083
11076312
7684637
21783433
9115758
17982258
15452712
8799821
16143588
12711306
10581361
8661489
17076271
15336656
7584104
18055461
10199813
7513293
9753629
12952861
12407077
12095540
11356184
10561583
9921909
9815080
9789567
7524485
16973827
12682798
12529251
11997458
11781380
11447196
11078708
9175873
16798551
11917536
17145933
15463934
11023184
10338094
16020494
15463906
15367921
11168023
10160212
7948135
1519863
23503650
16236827
7529740
10866434
7521322
1372094
17912009
16829217
15970608
15781764
15657462
15640323
15507145
15489228
14765370
14730652
14696845
14534400
12946232
12680831
12544470
12433335
11886121
11781704
11345141
11336401
11248123
11082773
10980944
10930443
9877480
9859064
9660057
9649552
9580755
9363187
9111186
8706961
8650124
8840112
8675618
9415150
7578402
7530726
7522673
7691712
7683418
7691353
23389926
17406643
16959918
16507353
16179637
15930234
15754262
15745932
15463959
15381503
15371906
15298139
15189496
15052263
14671964
14601517
14593571
12676769
12592165
12394362
12379554
12111878
11726399
11446424
11313771
11278360
10726177
10485235
10330337
9846205
9674722
9575453
9361022
10182430
9396594
9391757
9003508
9363084
7578401
7522998
7512420
7514227
7683477
7682884
7678325
1385461
1713973
1370020
2475911
12913074
1374403
22277159
22003093
17951164
17586695
16385253
15921521
12820707
10958769
10567629
9389746
8825927
7543567
7550227
7505690
7691448
7681034
7504969
1384321
1717363
1712081
12709507
10103316
8956026
7542223
8535440
7517265
8145780
8495645
7681035
1377276
18054564
21951589
17320853
15775704
15463939
15229107
14598388
12459497
11741825
11297726
11071866
7535636
7512348
18049957
9710435
17332481
16433451
16119624
12798048
12461645
11665504
9623690
9312429
8530001
7643941
7482032
1730537
1301197
16001079
15840711
15238504
15234776
12452372
11322483
9736775
9569250
7540563
7691068
17922386
18045175
17458069
16987934
16053460
12220442
10705255
8081388
16113409
15333598
9409469
9063876
17244607
16916328
15479737
12538638
10869574
1719108
20049895
15513933
15366420
12068629
9242721
19582812
19571747
12548397
21792085
21195154
19153558
22252987
10444458
23931280
7513286
9254853
7545279
20362570
24454496
23874305
22396475
22129201
9124520
23558751
12634855
11917522
10477439
15121783
11917539
11917537
11917521
11880696
11175304
10477489
9734891
9649449
19079680
17047984
16946738
11917520
11247407
7752525
18752001
10733968
16801189
23086956
23019197
11115444
23720313
21809358
20022367
22835041
23125206
20515443
15521034
19696993
21250548
18296466
7505692
10220340
15039139
15936204
11917548
7536245
22590562
16212675
9822656
8637853
10837612
21359743
19965983
17053491
19436688
17613530
11139834
7543493
1716243
18499536
17347004
11994102
11213256
10462611
9442363
15209503
21939749
16779911
9379168
9765431
22426039
19828134
16733393
16639412
12843327
12770858
11917538
11476081
10878476
10681187
10398691
10204861
9755043
9345100
8644755
8750020
7539989
1717950
17175965
15645635
15618592
15047968
15044340
12891373
11917523
10993337
10981500
10973878
10381942
10066035
7491981
1374052
20488235
16195538
18778196
19447965
1722350
17008635
11917528
11917526
11917555
11917531
11917525
9649787
21204749
20882053
19947928
20190337
18063840
9853065
8750017
9731023
19181854
21593449
19050722
19684200
21984381
10348817
15334505
8697849
20972579
15048872
9711588
1709163
14551163
12224014
7514292
10577195
9711591
9671706
21478252
21394828
15612029
19074559
20415666
20038525
19363029
23232192
23118063
22384920
8856153
7537226
15528021
21374513
12714375
11882668
8946960
11491164
17673962
12642634
8973379
19321738
1279869
19570894
15596536
16121038
15468453
11917556
16632520
19627168
16691490
19926984
7762618
22495179
18683213
16714368
11597353
11756355
7678606
16038730
12939393
11298840
22079595
12397031
12392107
12006459
11875258
11483364
11438505
11284200
10752955
10864573
10403730
9886981
9648628
9124353
8647833
8527477
7792142
7530607
8268652
17561018
17558440
17475311
16946273
16521216
15973438
15709963
12881227
12867361
12078836
11850511
11097616
10087150
9790573
9575844
9270304
9227510
9013845
7492544
7733972
17831643
17981595
16621508
14698290
10235038
21374522
15967026
11233797
10771546
9618558
1367855
17995576
11773234
9920533
11062138
18335671
18286679
18286680
16611160
16416860
15800694
15784681
14750603
12667096
11779417
11430412
11175726
10839790
10187807
9752841
9752839
9752837
9711590
15563153
14628907
11917517
11435220
11426297
11412811
11379612
11158544
10226323
10090992
9752840
9752838
9521469
9062336
8976157
18751913
16922502
16596447
16275783
16135545
15574820
14729147
12558550
12407075
12391048
7511206
17572023
17375191
17003225
16960972
16638994
16440178
15953746
15306545
15033508
12388054
18053833
21204515
18957036
17699136
17449105
17091214
16714334
16539653
16519627
16477455
16421205
16402020
16183670
16054561
16006996
15893109
15635293
15206577
15075446
12967937
12957658
12939595
12897433
12834868
12612912
12562935
12142464
12040005
11917096
11734659
11707066
11701644
11426463
11346655
10769198
10729159
10652014
10645262
10633804
10566889
10350235
9463322
9187518
8886838
8661992
8747512
7485546
7758076
7648295
8483936
8436660
1382860
1425485
1490631
2002063
2269271
17700969
17680777
17584847
17466744
17238031
17114394
17039396
16930316
16816140
16809361
16551273
16530515
16440368
16311719
16301844
16155254
15668502
15292511
15225287
15180906
14994922
14557401
12452478
12422267
11929516
11916201
11533139
11469690
11355022
11076393
11017172
10790590
10694820
10421641
10216147
10047517
9661051
