23615290
23797696
23954605
21937151
23721623
23866969
23435652
23406675
23954611
23754838
23971881
23597953
25135394
25135392
23765437
23904073
23721697
24054537
24188219
23698729
23893881
23771774
23784008
23774941
23981824
23703362
23964817
23879838
23712587
23958417
23948115
23890886
23664436
23602298
23993157
23937286
23932012
23932011
23747017
23873635
23954918
23954917
23487542
23750513
23906730
23835467
22834964
23883416
23232666
23663153
23991661
23465239
23103146
22989603
22884698
23747760
23746378
23597859
23929628
24259739
24259738
24018739
23855519
23922182
23704302
25077110
23852184
24222840
23619611
23960085
23992517
23968500
24100180
23807281
23786779
23881249
23869941
24396808
23848301
24404687
23677245
24818317
23850368
23910562
24773694
24773693
24167900
23846475
23846210
23803957
23803875
24214790
23872195
23902702
24009818
23642599
22494863
23672991
23672179
23743245
23941163
23940388
23861512
22475841
24156099
23929293
23909526
24049843
23895805
23642380
23728227
23931100
23918100
23761015
23568665
23709402
23878150
23984927
23957907
23725876
23985296
23766449
23393083
23869674
23577951
23615159
23945031
23846737
23605999
23595515
23532365
23532364
23896498
23714416
23702623
23595785
23915217
23868192
23770746
23628464
23839768
23433566
23861809
23815891
23816673
23701516
23816115
23511900
23832979
23790602
23790601
23790600
23790599
23790598
23790597
23790596
23790595
23790594
23535530
23880682
23759473
23723250
23670894
23689944
23914351
23704706
23625209
23662974
23470618
23501173
23758442
23621153
23943978
23668912
23328227
23855420
23659614
23726849
23933899
24776203
23727072
24100772
23981265
23583249
25253992
23818798
23778903
23697908
23742948
23736948
23562920
23591586
23416382
23695644
23810130
23953910
23953909
23953901
23953900
25135294
23631184
23631183
23631181
24204920
23301006
24466582
24104195
24570752
24570697
24570693
23391669
23204530
23204529
24291918
24291856
24291854
23342716
22958146
24640681
23452746
24455237
24124376
23874100
23345982
24107898
23242482
22928173
23069013
23023369
23250979
23108916
23096595
23057651
23167273
23253272
23179597
23111592
23153406
23036535
23172099
23150654
23093044
23289170
22727967
23071159
23129490
22795419
22196949
22939362
22198071
23018284
23101573
22920480
23079746
22933567
23160017
23160016
23160015
23160014
22869388
22683118
22209309
23239209
23322136
23322135
23322134
23111997
23272472
23117667
23117666
23014816
22281069
23114009
23054048
23036632
22946769
22920047
23168295
23265231
23113310
22923275
23031622
23096369
22698856
23299032
23073863
23233767
23064240
22614236
23298923
22827490
22976421
23498074
23498071
23018987
22825670
22771555
23037610
23365716
22918481
23026665
23026659
22992480
22651881
22973976
22931521
22932307
22370770
22524172
22949490
22912382
22387584
22730480
23997448
22880717
22388002
22734683
22923355
22837027
22836303
22782445
22740145
22858389
22658567
22575324
24175070
21402418
22537354
22516526
22840664
22879556
22893338
22628074
22787011
22544279
22787018
22800505
22564122
22308086
22690880
23030284
22777269
22542860
23086101
23086094
22801398
22801395
21387196
22608466
22250988
22924225
22681487
22858920
22650178
22738822
22618379
22828994
22825416
22760766
22770423
22753535
22464216
22722590
22786838
22764329
23021363
22242932
22787066
22910132
22573171
22519759
22611046
22871192
22269826
22268375
21610202
22528332
23610543
22609214
22718404
22628077
22534746
22343277
22696335
22684583
22502952
22480286
22698551
22595815
22595814
22451325
22742649
22880211
22246443
22894625
22669311
22592953
22565860
22565859
22539099
24278997
21600856
21959598
21709932
22012548
22041410
21972820
21920015
22008738
22064373
22277458
21946939
21901239
21866303
22027368
21670974
21881034
22291842
21861038
21241354
22010115
21841192
21968472
21994084
21895039
21934723
21533828
21994438
21873708
22056819
22125556
21950643
22276463
21977796
21950182
21950180
21870978
21830957
21745652
21820844
21980679
21989032
21935859
21892216
21188387
21816811
21750020
22034765
22034764
21860366
21861537
21849052
21817082
21833917
21740079
21421599
21881389
21624047
21585647
21652133
24775738
21794130
21788962
21788545
21769112
21545990
21683818
21712509
21712521
21537165
21797743
21112648
21784372
21863655
21535388
21481181
21638139
21876937
22046815
21982189
21614409
21497043
21056435
21533567
21493960
21222125
21988948
21585219
21236362
21557805
21429525
21655545
21694684
21512184
23556088
21544313
21599901
19375181
21420049
21538731
22696692
20335792
21540406
21464643
21505156
22528179
21391837
21143166
22013568
21515596
21398311
21627472
20596062
21362126
21609670
21431243
21477372
21346557
21441645
22375365
21432738
21385107
21429440
19888932
21327511
21185864
21225102
21414530
21388310
21304096
21254865
21438804
21453028
21614814
21348546
21176102
21430608
21474890
21371701
21136011
20887966
20953740
21311820
21441766
21239127
21263388
21286676
21274510
21654569
20920530
22166289
21553610
21172721
21404139
21111555
21041570
21226611
21329865
21329864
21135601
21346346
21139092
21670542
21666370
21822374
21576969
21928197
22117775
22117686
21291575
22039437
21516668
21822469
21193114
21144965
21098360
21211624
20681943
22427762
20460350
21353116
20927501
20809275
20662988
21125073
21181335
21428138
20965952
20967400
21068702
21517644
21517643
21517641
21064013
22111776
21162178
20930160
21069507
21069505
21125969
18180057
19111769
19188413
19187857
19190823
19178132
19219255
20523164
19903186
19089936
19887792
19439936
19342840
19503778
19948037
19754420
19655825
18787322
19875892
18957958
19998006
19185786
24692825
19012508
18704620
19143043
19092739
18644323
18772448
19041033
18955670
19061698
20031794
19110925
18852579
18956996
18954427
18642133
18778188
19195302
18997251
18836647
19046313
18853482
18813885
19445804
18708824
18641090
18762121
18809979
18693206
18775393
17544527
19198584
18604772
18604771
18545978
18594479
18266660
18612532
18590623
18574275
18574273
18574269
18322636
18403385
18491993
18266023
18422520
18560796
18509299
18540488
18574928
18406999
18406993
18201244
18402716
18402715
18397874
18634396
18323500
18398530
17763365
18334476
18258807
18305438
18386670
18215612
18257025
18180653
17483128
18273574
18273572
18060537
18261392
18393142
18195197
18326899
18082486
18082801
18608125
18517138
18667814
18628615
18337635
18399711
18788834
18096568
18096434
18628633
19074093
18835010
18809205
18390113
19052707
18172591
18163016
18082087
18036454
17222926
17950801
17631677
17697140
17885258
19803976
18173959
17851645
17717305
17651537
17882745
17938768
17673721
17692112
17761116
17496169
17596133
17636831
17768575
17627564
19126935
17635734
17939586
17513240
17646943
17547713
17505170
17487290
19804223
17395857
17536609
17427618
17410064
17221328
17221327
17347079
17404541
17408122
17380210
17289744
17551680
17491542
17296878
17276181
17045526
17239798
17242311
17610347
17491606
18557372
17701479
17284897
17971645
17534747
17269837
17172564
17285789
17409772
17434577
17118431
16443257
16426666
17225195
17378769
17201722
17670707
17070169
18221095
17128292
16769255
17020434
17078791
17036954
16957455
16969726
16863633
16908760
16774980
16859389
16387813
16858233
15194993
15184843
15130407
15037497
15028346
15023321
14967716
15171963
15008908
15151465
15095935
15211735
15134239
14742763
14994847
15146899
15085461
14986445
14736444
14718322
14691412
14743856
15266473
15106146
14688636
15586627
14687235
14739734
15159728
14966853
15619613
15619612
15619610
15511384
14671234
14674043
14674042
14668465
14661015
15071262
15071260
15071258
15153821
15087604
14978854
14652652
14643116
14714342
14616972
14571497
14677339
14633322
14699705
14687275
14622536
15152493
14606349
14562222
14562219
14598533
14609309
12955372
12974871
14563291
12970822
12968085
12947359
12930396
12950519
14579621
12885284
14603710
12890903
14564980
14760214
14760209
15199467
15199462
12855818
13677881
12937900
12818632
12879410
12871695
14686666
14558289
12883837
17670019
14739629
14579487
12806694
12813982
12742279
15199476
12768814
12712644
12712777
12680984
12669133
12818245
12660663
12659996
12784754
12807570
12849239
12603723
14624047
12601533
12627669
12559531
12650892
12621813
12693297
12515765
14556456
14712325
14583979
12496498
12656654
14530617
12647491
12690920
12588541
12687880
12523469
14513115
12673926
12638476
12676198
12466507
12453395
12435257
12500607
12500606
12442730
12680523
12714829
12917725
12586125
12372209
12352765
12236924
12422463
12215576
12215760
12215759
12165003
12652152
12074740
12082041
12096150
12187896
12187862
12043444
12180251
12064189
12693074
12372921
12174518
11900700
12030663
12017805
12001541
11837921
11850611
12381215
11899578
12214159
11838354
11806090
11981105
11739988
24445800
11703979
11730229
11770868
11706483
11725717
11588308
11570942
11584191
11514479
11675834
11711693
11531613
11447872
11408982
11476145
11433736
11357868
11280859
11307486
11280695
11297203
11307807
11383324
11181285
14728024
11641591
11306767
11157645
11157640
11381186
11687190
11392445
11207847
11826815
11826813
11373944
11211448
11201024
11356997
11202630
11127164
10996106
11005937
10961582
11140298
10925333
10897143
10916537
10914107
10827367
10939307
11010751
11010750
10850108
10822075
10823258
10770301
11775227
11225938
10868001
10686454
10763204
10830086
10694585
10682955
10678303
10734752
10796453
10796315
10796313
10610746
10835711
10525509
10522891
10562945
10563156
10560451
10525970
10523900
10523898
10486843
10695504
10495069
10520763
10456611
10422402
10461238
10560276
10541599
10441815
10356600
10231778
10078902
10342139
10230745
10065280
9925075
10629394
10337362
9989134
10528351
9891823
10021804
9864607
9822066
9870193
9859148
9798225
9822840
10751795
9951075
9723825
9736918
9752617
9727682
9620888
9778866
9820062
9597402
9587045
9563428
9534059
9472871
9768038
10767128
19667428
9857469
9857465
9412619
9538367
9499673
9365320
10173938
9198182
9201494
9223814
9158644
9184390
9244725
9288985
9132077
9349922
9200342
8951302
11862237
9092415
9004816
9004815
9026920
9372102
8880024
8678938
8998265
8754703
8824039
8700641
8692321
8644424
8647577
8815563
11416372
8522705
8755695
8851260
7477157
7481985
8533622
8586473
8536828
2555770
3221742
3221246
2897516
3042062
3310938
3590801
3537070
2870278
3961508
3515558
3727711
3905338
3909383
4082088
3991379
6727329
6691742
7137031
7259379
565444
1008955
4522625
4117978