(("1900/1/1"[Date - Publication] : "2015/03/11"[Date - Publication])) AND ldl cholesterol reduction
24795503
24793346
24792925
24790178
24788803
24787628
24783072
24780946
24777633
24772445
24770979
24770479
24766766
24763885
24762753
24754458
24753592
24751562
24749252
24747027
24746482
24741174
24737506
24735259
24734311
24732920
24731467
24730354
24727469
24722445
24719500
24715694
24713582
24711056
24710915
24704195
24701672
24699940
24696996
24696569
24679060
24678979
24675665
24675010
24674904
24674676
24673363
24669876
24667667
24667630
24667128
24666791
24659984
24657242
24653785
24646954
24641809
24639424
24637413
24633723
24633252
24632042
24631792
24627311
24626433
24624339
24619822
24619460
24619100
24615676
24615250
24613434
24613429
24611101
24609013
24603306
24603217
24601937
24598985
24595397
24588122
24585396
24584383
24582138
24575140
24572041
24570826
24563511
24553633
24552851
24548294
24535232
24534475
24530906
24530470
24528691
24528686
24528343
24525835
24524601
24524093
24522357
24517872
24516261
24509273
24500935
24496805
24495344
24490861
24489447
24488919
24483967
24482998
24477028
24475013
24473227
24471247
24470519
24465490
24462367
24462043
24461313
24459608
24456355
24455214
24452615
24452015
24448227
24447629
24443306
24438526
24436589
24436372
24434755
24433108
24430948
24426070
24426052
24422660
24422577
24416927
24415784
24411753
24411209
24409406
24408064
24406777
24404162
24401224
24401214
24401089
24397804
24393244
24392501
24392369
24392102
24389416
24388622
24386260
24385721
24385236
24382338
24381880
24381122
24380496
24380094
24376657
24373686
24372071
25804040
25726210
24371832
24370063
24368431
24368080
24365785
24363242
24360749
24358045
24358044
24351700
24350405
24349947
24348058
24344670
24340620
24331773
24327522
24327265
24325584
24321864
24318424
24314261
24314017
24313546
24307429
24304575
24304234
24304233
24304227
21985543
21983746
21983163
21982317
21981968
21977325
21975796
21968436
21968126
21961520
21959822
21957962
21957200
21956531
21953407
21949049
21946898
21946392
21939523
21938413
21937206
21936050
21929760
21925346
21924882
21923697
21922120
21921414
21920771
21920719
21920335
21915170
21915100
21914190
21911628
21910898
21908204
21906740
21904547
21903868
21894327
21886061
21885891
21885431
21879795
23550422
23251757
21876564
21874538
21870630
21867844
21867445
21865559
21865358
21862744
21859401
21839894
21857142
21850495
21846904
21846199
21845368
21839706
21836103
21831036
21830637
21830442
21830321
21827713
21822774
21821825
21817821
21817185
21817104
21815241
21810592
21810484
21809737
21806770
21806079
21804855
21804214
21802861
21798891
21797102
21796214
21795429
21795066
21792295
21789752
21789541
21788625
21787450
21778422
21773050
21770397
21768610
21762916
21756320
21755523
21755005
21751539
21748474
21747355
21747278
21744164
21741939
21740287
21740282
21738715
21736815
21736795
21735686
21735388
21733322
21733123
21731990
21731866
21731566
21730224
21730216
21722900
21722817
21720022
21719014
21717772
21717407
21715526
21715151
21714932
21714711
21714585
23272446
21712838
21700926
21699274
21697538
21693699
21687917
21687351
21686135
21683693
21682757
21675801
21673458
21670545
21670382
21670067
21669278
21663949
21660248
21649985
21649590
21647615
21645151
21641516
21633901
21633288
21631904
21627406
21626897
21625524
21623150
21619652
21615671
21614576
21612461
21600525
21593473
21593471
21610696
21609439
21608354
21605862
21601554
21600523
21600517
21600516
21597008
21595100
21593349
21593294
21574067
21572862
21569436
21565479
21564441
21562077
21561620
21547454
21547097
21545982
21545606
21544535
21544518
21539146
21538857
21537159
21535577
21531743
19248806
19243471
19242355
19240310
19239605
19237992
19235684
19233109
19222610
19222503
19221831
19220291
19217513
19217176
19215678
19214408
19214297
19211060
19210138
19209185
19204217
19202910
19200547
19200384
19199980
19199977
19196823
19196236
19191301
19183747
19183127
19180837
21291785
19179626
19176686
19143900
19168444
19167712
19166694
19166691
19161879
19161531
19160529
19159286
19159125
19159123
19158581
19157583
19157171
19151449
19150064
19147676
19145777
19145455
19143965
19141295
19141093
19140522
19138652
19134274
19131065
19128368
19125892
19125317
19122582
19122353
19122109
19120980
19119839
19117254
23555376
23555375
20653521
20469685
20210206
19112166
19109655
19106797
19106072
19103817
19103535
19103284
19101227
19099225
19098379
19095996
19094443
19093509
19092644
19091798
19088437
19086276
19083444
19083426
19083411
19083390
19082303
19080723
19075520
19075102
19068318
19067719
19067673
19064019
19061694
19060325
19059567
19057091
19056606
19056355
19053032
19043651
19041437
19040554
19039893
20116615
19034547
19034332
19027905
19024462
19022170
19019838
19019811
19019502
19018737
19018684
19018682
19013720
19013285
19011257
19009658
19008785
19008317
19002433
18998188
18996825
18996368
18991624
18986148
18981648
18980242
18975505
18973399
18972097
18962621
18958843
18957695
18957682
18957532
18957124
18956711
18956219
18955731
18950673
18950563
18950562
18950559
18946207
18946171
18940877
18940534
18940292
18940267
18937622
18937609
18930691
18929706
18926611
18925316
18923595
18922160
18853230
18852729
18851956
18850127
18846701
18845807
18845788
18845302
18842266
18838533
18837799
18837641
18836677
18835979
18834708
18834588
18834356
18693783
18828004
18826864
18823339
18670709
23105791
21291759
21291756
20209763
19597412
18820852
18820648
16688015
16685042
16684827
16681427
16678544
16675724
16674818
16674358
16674357
16674350
16669278
16650363
16647412
16646989
16645692
16643923
16638916
16635049
16634838
16633945
16631435
16629852
16628280
16627811
16623120
16621589
16620358
16619956
16616026
16612068
16609706
16603439
16600923
16598537
16596937
16596804
16596802
16596801
16596797
16595914
16594908
16582584
16580587
16579736
16574893
16574674
16571150
16570784
16567272
16555471
16554528
16553504
16552834
16549538
16549161
16543999
16537575
16534549
16534517
16534013
16533939
16532712
16528005
16521708
16517141
16516882
16516587
16516241
16515028
16510377
16509215
16508037
16506810
16505505
16504648
16504615
16504600
16503868
16503865
16503723
16503422
16503317
16501748
16498821
16498607
16498520
16498519
16495896
16495773
16490616
16487914
16487531
16487219
16484596
16484554
16484553
16483333
16483027
16481155
16479963
16477805
16467232
16466329
16465619
16457903
16455018
16455010
16455007
16449520
16446007
16444917
16444450
16442935
16442919
16440326
16439711
16438975
16438097
16433776
16427800
16424123
16423404
16422031
16420979
16418439
16417716
16416059
16415377
16414045
16413753
16412793
16412525
16412263
16411408
16409862
16407729
16407707
16404415
16403343
16403209
16400397
16400393
16400390
16395625
16394047
16392780
16392277
16392223
16386603
16386546
16386540
19675696
16385760
16385748
16384561
16378791
16372516
16369229
16368051
16368043
16364844
16363196
16361365
16360937
16360356
16357786
16356807
16356805
16356804
16356803
16356802
16353929
16351668
16344414
16343471
16340945
16339502
16338198
16338012
16337702
16337504
16336952
16335782
16335777
16334888
16330680
16330299
16327950
16324921
16321621
16320801
16319046
16310198
16309663
16309588
16309370
16308886
16307708
16307374
16305300
12951627
12951168
12949442
12949373
12948870
12947433
12944031
12942853
12942586
12940533
12939735
12939388
12937153
12931251
12929621
12929620
12928739
12926909
12924614
12924612
12924611
12924610
12924169
12923651
12920049
12919321
12918584
12918548
12917707
12915827
12915663
12915662
12914404
12911449
12911045
12908847
12906063
12904688
12901521
12899656
12893003
12891189
12890475
12885748
12884938
12883336
12880692
12880691
12880104
12879992
12879632
12879405
12879374
12877897
12875611
12873712
12870162
12867252
12867251
12864777
12862206
12860911
12860867
12860216
12858128
12858126
12857598
12857356
12852707
12851519
12850506
12847067
12846338
12845864
12843689
12842237
12841490
12841353
12841345
12841343
12841306
12839042
12829554
12828801
12823238
12822196
12821213
12819249
12818414
12818310
12816768
12815842
12814712
12814710
12813414
12810816
12809960
12809509
12804728
12801618
12801605
12798446
12796760
12796065
12793969
12793538
12791672
12791670
12789600
12780345
12779077
12778627
12771320
12770642
12769254
12768071
12767923
12767421
12759900
12757741
12754279
12753698
12748987
12748978
12747811
12747606
12747532
12743640
12740553
12738086
12734787
12732393
12732391
12728594
12728215
12727966
12727577
12724821
12723752
12723736
12722551
12719279
12718459
12717482
12716796
12714092
12714035
12714032
12713767
12710848
12708633
12707064
12706135
12704407
12704403
12700612
12699073
12698208
12694346
12693447
12682861
12682623
12682421
12681027
12679979
12679450
12679201
12679174
12675851
12675072
12672483
12671188
12670295
12668499
24944371
19667621
19667618
12663661
12661776
12660287
12657895
12657626
12656649
12655280
12654415
12653455
12649088
12647600
12646340
12643884
12643187
12640510
12640509
12639741
12639401
12638032
12637800
12637115
12636050
12635468
10900299
10900260
10898249
10898118
10897490
10893651
10889195
10890267
10890264
10889125
10888238
10888237
10888221
10885038
10882228
10880664
10877212
10873964
10873620
10872901
10871565
10868312
10867212
10867091
10866057
10865831
10865828
10862842
10858487
10858435
10857042
10856535
10856520
10852644
10849941
10849014
10845879
10845871
10848441
10836728
10832100
10831176
10827845
10827215
10823263
10823666
10821323
10821298
10817086
10812585
10811520
10809996
10809995
10809042
10806809
10805481
10803654
10802245
10801908
10799368
10797611
10795783
10789612
10787433
10785874
10781643
10782563
10782562
10780315
10774794
10774458
10778882
10778878
10778871
10769280
10765504
10764684
10765618
10763910
10760704
10760292
10751392
10750696
10750604
10748683
10746893
10746035
10747353
10744590
10743480
10740160
10739299
10738512
10737683
10737167
10736328
10735636
10728514
10726112
10720470
10720164
10720026
10719613
10714567
10713080
10712392
10711786
10711416
10711300
10710121
10710119
10706582
10702780
10703153
10696662
10695051
10694774
10694766
10694505
10693989
10693918
10692735
10692526
10690940
10690290
10687887
10687671
10685127
10681406
10680050
10680049
10676676
10673913
10668836
10662743
10657533
10656504
10656170
10655954
10654588
10653927
10651207
10643693
10642898
10638217
10638193
10634938
10636265
10636263
10634817
10634816
10634801
10632286
10632571
10630832
10630734
11116102
11104736
10627510
10625028
10624380
10617976
10616747
10615219
10613777
10613408
10612322
10612557
10605616
10601541
10601131
10600854
10600174
10599980
10599271
10599269
10552999
10595624
10591388
10592547
10591671
10587335
10589445
10589270
10584042
10583425
10582975
10582478
10580172
10580102
10578022
10577998
10540988
10540986
10540787
10574509
10573439
10573325
10566573
10560786
8952866
8944223
8905449
8904293
8899484
8852488
8852484
8831797
8821982
8820100
8820097
8788216
8784984
8741811
8738463
8729588
8729587
8729585
8714715
8713485
8710680
8659213
8649654
8604676
8565127
8549217
8548433
8548409
8747490
7500507
8964647
8964646
8861459
8850383
8847479
8786724
8770320
8750769
8750259
8750253
8750252
8750250
8750245
8675648
8614298
8600584
8587286
8587284
8574352
8562571
7586300
7493572
7489237
8565112
7566021
7566020
10159508
8773189
8770626
8746877
8656072
8590439
8586836
8582539
8579633
8579624
8569436
8529921
8529919
7594023
7586340
7586339
7584986
7583574
7476333
7492612
7487058
9392692
7488232
18623458
8801868
8801864
8608194
8593128
8593121
8579726
8576649
8576645
8576635
8571079
8529322
8529319
8520855
7588742
7585284
7583537
7560885
7560102
7560078
7556573
7572695
7572693
7572692
7572690
7572688
7572687
7572686
7572684
7677772
8926908
8591821
8591712
8581073
8577415
8558089
8524727
8520107
7674695
7670952
7670950
7657831
7653448
8919159
8676221
8531833
8521762
7645542
7643238
7639801
7638213
7637651
7630677
7626636
7571764
7568319
7503618
7474432
7604808
7604807
7604802
7604801
7604799
7604797
7604796
7604795
7604784
7672743
8589202
8578524
8578489
8561655
7611249
7608645
7600119
7600114
7598139
7595080
7595078
7557206
7488336
7478073
7554289
7599178
7796498
7635375
8586774
7769108
7769097
7759743
7665998
7665720
7590951
7569475
7555511
7555507
7550122
7550111
7766638
7599208
7746058
7656097
17974457
8586002
8551652
7797092
7750051
7750048
7749881
7729619
7704977
7669091
7669087
7664720
7647785
7633569
7628519
7623373
7607582
7585842
7784416
2289408
2256470
2248445
2192343
2191608
2174214
2130823
2127007
2119633
2105548
2099346
2099041
2091235
2087077
2085284
2085283
2079999
2073674
1981023
1710744
1710743
1694614
2597674
2700113
2695857
2691693
2634479
2622064
2612508
2514265
2593736
2554710
2621572
2609698
2600901
2516789
2486551
2679083
2679029
2679028
2679027
2679026
2794046
2789275
2702191
2695994
2614259
2614253
2597225
2530298
2768257
2803348
2681969
2504855
2775281
2569825
2783209
2783202
2783196
2779095
2775565
2769073
2670383
2669667
2504863
2742876
2751482
2751476
2681900
2667453
2665233
2597539
2597480
2597479
2592796
2546416
2724486
2730888
2725293
2667936
2667871
2663224
2660588
2713392
2498310
2650524
2774472
2719599
2719596
2718235
2690785
2552676
2515931
2648148
2497098
2487533
2734732
2646895
2918846
2736571
2723106
2722308
2718528
2656334
2645064
2914924
2647992
2646522
2643751
2916204
2464848
2930611
2912427
2912423
2911597
2806942
2802089
2799729
2792164
2747427
2732065
2713876
2713875
2712711
2694630
2694627
2685177
2680288
2678267
2676263
2659052
2653623
2653621
2643422
2643418
2554784
2553790
2536273
2535824
2486742
2486732
2483819
2471012
2976858
3240333
3239111
3239109
3239108
3064803
3059788
2905341
3055919
3179325
3254108
3235949
3212927
3183260
3181646
3053082
3167083
2845980
3264042
3215683
3190816
3168690
3150123
3056429
2905605
2461206
3419323
3167175
3065001
3164788
3405092
3251771
3185107
3145746
3063268
2969922
3394656
3394654
3394648
3293417
3389330
3291168
3288029
3214460
3207437
3051392
3046635
2837895
3372539
3401289
3392355
3377033
3171397
2837088
2458263
3358947
3403058
