(("1900/1/1"[Date - Publication] : "2015/03/11"[Date - Publication])) AND ldl cholesterol reduction
26171326
26171246
26156922
26139916
26131217
26121249
26107367
26083546
26076562
26073398
26046657
26042049
26036130
26021459
25993767
25985605
25965722
25933969
25933163
25911080
25911078
25911077
25911072
25905182
25904961
25889426
25888764
25883426
25879228
25878993
25874645
25865966
25864741
25861469
25856746
25855981
25855835
25842792
25842685
25833773
25833772
25825037
25820046
25816728
25802481
25802224
25793643
25787418
25784935
25784512
25771732
25768710
25765827
25763201
25757855
25752494
25752015
25743173
25737291
25734961
25733626
25733327
25722430
25720761
25714579
25714444
25709798
25708866
25704796
25702618
25694068
25693362
25692840
25689751
25687270
25683704
25682035
25679794
25679089
25670367
25670361
25662924
25660333
25660177
25653417
25652089
25651717
25637346
25637322
25637042
25620384
25617537
25609666
25606700
25600226
25600039
25598538
25593281
25592451
25586752
25585031
25585028
25584098
25580750
25579834
25577723
25577665
25577201
25567051
25554560
25554069
25553599
25547030
25542907
25541982
25533470
25529262
25528845
25524774
25518509
25516625
25512170
25511659
25500555
25499945
25499944
25499939
25497967
25495168
25493193
25491685
25491026
25489457
25489404
25485339
25483366
25476792
25474484
25473691
25471221
25470794
25467842
25466164
25463087
25462563
25460526
25456820
25456022
25453988
25451911
25440796
25439449
25435604
25435519
25434420
25433580
25430608
25426564
25424602
25418708
25414931
25413941
25411285
25411276
25410295
25408998
25404125
25403327
25402511
25394061
25392271
25391814
25390462
25389496
25387209
25386625
25386364
25378007
25365018
25362586
25351644
25350645
25347070
25335686
25333932
25331262
25330765
25327602
25326876
25324147
25320868
25316374
25313916
25313593
25303298
25302069
25301841
25300818
25299967
25299500
22972399
22971205
22970753
22965836
22965757
22965217
22962863
22956784
22954675
22952794
22948417
22948212
22944431
22941588
22938176
22929458
22928363
22924034
22923161
22918042
22915295
22913890
22913889
22910633
22906895
22906565
22902152
22898069
22897901
22894911
22893497
22892323
22888413
22885951
22884763
22884520
22876442
22872154
22869926
22868800
22866304
22863409
22855917
22851998
22850130
22848584
22847201
22847176
22844422
22843446
22841185
22836077
22836073
22836068
22836065
22832337
22831708
22819563
22818869
22814748
22814241
22812594
22809114
22801416
22799743
22795291
22789850
22787067
22785146
22785138
22785024
22782126
22777149
22775984
22775419
22768685
22764134
22763970
22762160
22761797
22755272
22751734
22750059
22749175
22748403
22745703
22739979
22734339
22734087
22732520
22725704
22725625
22721642
22718811
22718794
22715478
22714699
22710566
22710021
22706233
22705313
22705092
22701627
22701328
22701247
22698988
22698417
22696876
22691465
22690571
22690054
22687273
22686046
22686044
22683121
22673922
22671971
22668801
22668787
22668755
22665166
22661899
22661189
22659373
22658148
22653220
22652724
22647247
22642074
22641182
22640483
22633824
22633791
22633472
22591892
22610853
22609461
22607822
22607646
22604766
22595386
22592684
22592095
22588266
22587821
22587686
22583789
22572422
22570437
22570368
22570088
22569463
22567731
22564753
22564353
22562782
22556401
22554491
22554359
22552859
22551562
22551412
22548690
22544352
22541874
22539598
22539458
22532541
22531006
22529483
22528135
22528133
22528131
22527287
22525563
22524170
22523394
22522778
22521902
22518083
22516063
22505549
22503825
22490818
22481012
22475392
22472915
22471363
22470565
22468387
22465160
22465158
22464808
22463922
22462348
23843804
23803454
22459813
22458131
22388823
20082258
20080236
20079899
20074902
20074633
20070250
20067836
20067513
20066501
20064910
20060029
20057371
20050127
20049392
20048381
20047620
20047560
20044312
20043811
20041810
23960587
22314947
21490917
21409897
21391729
21391728
21391353
20041149
20032578
20032478
20031900
20031796
20031607
20031551
20031380
19891946
19891945
20028961
20026779
20025294
20020207
20019024
20018286
20018177
20017910
20017835
20017484
20017101
20016845
20015371
20014994
20014684
20013192
20012308
20012223
20010118
20009956
20005687
20003590
20002198
20000881
19997842
19997784
19997573
19996623
19995360
19968707
19965915
19965614
19965609
19965573
19962476
19962146
19959168
19895937
19956911
19954956
19952805
19946762
19946244
19946232
21298860
19940470
19939984
19939653
19934485
19932785
19932056
19931237
19930639
19930446
19929597
19919518
19917273
19916726
19915217
19914369
19914364
19913637
19911216
19907810
19904013
19902516
19902024
19901173
19896519
19893848
19892351
19891551
19891279
19084089
19889508
19888833
19885950
19880586
19861885
19857034
19858435
19852909
19851450
19846168
19838489
19837545
19835614
19835569
19834877
19833835
19825813
19825213
19825147
19822999
19820033
19819882
19819789
19818960
19817934
19814806
19814666
19812691
19811343
19808779
19802460
19797705
19796736
19794305
23105868
19786883
19786636
19785985
19785568
19785380
19781407
19781217
19778326
19777605
19773416
19770669
19766762
19766469
19765448
19764857
19764688
19763135
19762782
19759243
19758162
19755917
19754470
19752848
19749496
19748619
19745745
19740467
19739937
19736246
19735187
19734791
19734400
19733719
19733044
19730842
19729934
19729863
19727665
19724023
19715847
19712983
19711061
19709787
19709535
19709414
19705333
19702122
19701094
19699855
19699785
19699477
19699071
19699070
19698935
17483372
17482295
17481993
17478758
17478727
17472747
17472483
17467711
17464177
17464102
17462613
17461981
17455220
17454132
17452316
17451425
17451281
17449864
17449576
17445337
17444660
17440626
17437081
17436822
17436821
17433542
17433279
17431276
17431185
17430734
17429294
17414591
17413096
17411073
17407633
17405587
17405573
17404825
17399827
17398372
17398308
17397569
17395756
17393216
17392126
17391637
17391425
17389710
17387131
17386651
17386354
17386092
17384434
17383717
17378971
17378135
17371461
17368957
17367312
17362781
17360978
17351155
17349882
17348840
17347284
17346709
17346631
17346614
17344491
17342636
17342417
17341837
17338883
17337976
17335774
17333056
17331802
17330127
17328819
17327308
21291671
21291670
19839411
17324535
17323035
17322416
17321749
17319460
17318708
17317435
17315604
17313769
17311941
17311833
17309381
17307065
17302963
17301496
17299831
17299483
17296517
17294225
17293475
17292871
17291993
17284735
17284700
17284051
17283260
17279435
17278732
17275225
17268700
17265498
17262119
17261875
17259698
17259696
17259484
17252094
17250645
17245404
17239888
17237906
17236149
17234195
17233196
17228347
17220927
17218825
17215631
17215532
17213596
17209672
17209259
17207282
17203467
17200833
17200715
17200427
17196967
17196966
17196275
17192126
17189537
17187777
17186304
17182886
17179595
17170377
17170371
17169242
17169241
17168712
17160911
17158227
17154100
17148561
17146246
17145742
17145229
17143784
17142128
17140581
17136324
17135618
17134960
17134951
17134640
17130282
17126679
17126653
17126302
17125534
17123162
17122799
17120934
17119522
17115883
17112329
17110163
17102570
17100143
17098588
17095918
17095907
17095906
17088787
17087620
17087362
17087303
17086097
17086017
17085982
17085865
17084992
17084566
17084382
17084257
17084252
15262025
15261947
15255464
15255458
15255120
15250255
15250032
15249516
15246890
15243303
15243210
15240608
15239488
15239487
15239486
15238460
15238451
15238223
15235691
15234187
15234080
15230988
15226460
15225529
15222761
15219523
15218398
15217806
15214586
15213045
15212653
15212648
15211328
15211327
15211326
15210040
15207654
15206502
15206153
15203583
15200755
15199433
15199384
15199342
15199031
15194305
15193832
15193831
15193818
15187421
15186959
15186658
15186657
15183127
15178562
15177522
15177299
15177129
15177118
15175362
15173062
15172630
15172628
15172626
15171226
15170709
15169972
15168866
15168036
15166806
15166781
15164320
15164315
15164106
15163466
15161326
15159039
15158307
15158296
15157941
15155117
15154285
15153664
15153170
15151791
15149886
15147434
15146369
15145971
15143957
15142864
15139786
15139406
15136504
15136057
15135264
15135263
15135262
15134544
15133322
15132822
15131765
15131746
15131703
15130408
15128475
15128018
15128017
15126543
15125369
15120888
15119832
15118091
15117435
15114376
15112887
15111985
15111846
15110633
15105414
15105062
15103515
15102630
15099190
15096337
15095396
15087253
15083959
15082891
15081455
15081445
15081415
15077088
15073652
15067836
15067249
15067195
15066461
15064110
15063607
15063401
15061604
15061429
15061355
15060896
15060092
15059806
15059707
15056124
15054038
15051841
15051751
15050188
15050186
15049880
15047647
15047172
15046291
15045686
15040160
15039655
15038459
15037821
15035545
15033400
15032626
15031770
15030293
15029092
15028366
15025925
15024890
15021990
15021989
15020176
15020036
15019542
15019537
15019533
15016776
15016639
15016485
15015140
15014928
15013188
15012735
15010741
15009001
15007110
15003786
15002001
15000450
14996776
14996478
14993244
14990215
14988452
14985207
14984449
14984018
11504982
11504580
11501602
11501600
11501599
11500319
11500189
11491652
11488428
11487509
11485143
11483633
11481398
11480458
11480382
11479938
11478408
11477088
11476192
11475681
11475343
11475274
11474489
11474227
11473572
11473066
11472753
11472748
11472743
11472706
11470723
11469968
11467759
11467757
11464714
11464448
11434791
11464223
11463406
11461777
11460791
11457739
11454015
11452897
11452336
11451721
11451718
11444648
11444418
11443196
11443189
11443167
11441135
11440984
11436194
11434828
11434193
11434190
11431893
22754389
11429618
11427454
11426581
11423507
11421160
11417908
11416493
11414234
11413162
11413045
11412774
11411343
11410821
11406018
11404165
11380761
11401940
11398153
11398137
11397883
11397714
11396622
11395040
11395029
11390178
11388705
11387232
11385064
11383686
11383378
11383375
11383374
11383326
11383323
11380839
11380515
11380065
11378806
11378532
11375438
11374856
11374850
11369806
11369802
11369691
11369502
11369172
11368001
11348884
11342472
11358679
11358676
11358647
11358646
11355219
11354668
11352991
11348576
11348573
11345163
11344652
11344647
11344644
11340101
11336599
11331641
11279730
11320614
11319712
11315843
11311193
11310513
11309242
11307781
11307780
11304935
11304891
11303327
11302171
11302109
11302006
11268266
11297603
11293560
11293552
11293214
11288049
11286949
11285716
11282910
11281288
11281239
11281162
11278795
11277288
11274933
11273502
11271859
11271849
11270674
11270314
11269671
11268714
11266148
11263847
11262355
11262350
11256880
11256850
11256849
11256846
11255880
11254911
11254753
11245855
11244191
11244186
11242714
11242484
11240414
11240412
11239828
11238804
11238802
11238754
11238540
11238259
11237093
11236277
11233299
11233155
11232846
11232266
11231918
11231446
11231429
11230787
11230372
11228758
11228485
9301639
9301638
9264420
9263180
9258407
9231778
9230143
9224738
9218525
9247356
9395824
9283055
9269583
9268221
9263748
9261278
9261272
9260486
9254075
9254061
9253519
9252956
9246022
9241100
9236431
9234031
9226489
9223402
9223394
9202207
9237640
9265282
9202359
9183227
16379700
9303897
9303896
9296641
9249230
9229225
9227812
9225173
9208337
9205850
9194770
9194504
9186885
9186308
9185636
9176830
9153208
15989622
10225769
9532848
9304226
9299202
9238624
9212175
9211018
9181257
9180253
9180239
9165562
9160820
9160173
9157964
9157952
9152493
9150480
9149652
9143793
9141382
9136912
9129767
9112380
9168909
9109446
9108050
9128842
9101097
9101096
9217621
9216117
9215138
9215137
9200273
9129860
9126668
9126664
9108795
9108784
9108781
9104574
9100218
9083281
9105567
9105561
9105558
9069289
9118557
9075838
9127617
10684051
9197924
9137462
9133252
9130039
9127742
9096917
9084463
9082041
9082040
9082037
9076667
9076407
9075448
9062346
9054471
9069518
9054738
9217581
9052338
10225781
10225774
9215520
9162751
9159869
9147709
9137675
9127710
9081694
9081688
9065603
9043967
9043838
9030827
9013433
9008444
9032943
9006469
8994420
8994406
9051199
9051193
9846809
9601814
9428580
9401632
9363296
9349932
9342581
9340923
9334463
9327195
9296448
9266515
9266512
9259996
9241623
9237044
9225641
9203045
9202980
9202975
9199887
9199882
9182079
9165295
9162884
9069704
9069450
9041383
9034837
9034204
9024738
9022343
9012632
8995740
8995728
8994481
8988946
8986740
8986686
8970408
9246832
9117144
9075615
9029351
9013370
9013091
9013088
8974212
8974018
8969276
8968852
8968702
8962554
8960851
8960446
8957595
1313035
1590824
1588269
1581407
1532586
1527479
1518770
1411867
1373074
1315812
1544896
1313231
1545940
1347091
1537875
1611649
1596307
1596304
1596293
1550043
1542669
1542259
1523145
1521040
1314881
1313762
1312762
1286136
1581929
1737858
1736037
1734676
1613998
1581411
1569379
1730591
1731857
1729864
1728471
1727999
1727908
1632313
1618241
1590653
1580586
1575821
1574712
1573306
1563645
1559319
1541318
1541317
1520748
1516599
1478792
1478404
1473909
1471924
1465059
1446408
1436290
1429490
1428300
1364970
1362189
1352930
1329835
1320305
1316885
1314244
1296188
1279267
1777975
1836897
1961129
1839902
1819647
1794925
1789813
1789812
1789802
1752940
1660530
1931882
1954748
1951335
1657912
1943733
1927944
1924008
1897476
1836755
1797947
1771957
1759990
1759985
1745023
1658544
1912914
1911704
1959472
1951831
1911715
1911707
1824203
1799400
1774829
1759413
1655015
1937329
1867234
1936105
1931153
1907315
1872379
1867523
1866766
1865167
1861629
1793444
1770318
1678324
1659358
1831006
1906887
1867224
1858184
2066708
2065040
2065036
2065027
2064495
2064494
2064490
1953212
1940635
1940632
1934003
1933127
1909541
1894760
1842715
1751249
1718369
1656425
1832610
1711036
1853321
2065103
1940625
1909865
1892491
1892484
1892480
1880219
1871945
1867086
1865826
2063386
2043662
2072833
2072039
2040869
2029500
2029490
2029022
2022269
2018014
1936474
1902348
1878742
1878009
1864486
1850577
1842144
1747410
1674215
2031937
2021113
2018531
1645643
2005733
1903069
2069794
2051734
2012011
2011077
2011075
2008868
2001802
1944942
1906288
1849932
1826187
1649472
1903497
2047557
2046076
2007842
2005580
