(("1900/1/1"[Date - Publication] : "2015/03/11"[Date - Publication])) AND ldl cholesterol reduction
25296762
25295255
25294718
25286043
25282519
25281681
25278326
25277610
25276061
25275545
25272894
25272847
25272669
25269777
25268983
25267931
25267241
25265559
25263836
25258384
25257075
25250848
25248394
25244793
25244623
25242435
25240836
25240705
25240689
25236873
25216882
25213292
25212817
25212104
25211728
25204377
25194744
25190453
25189710
25188210
25186795
25178568
25176266
25173876
25172744
25172631
25172468
25172379
25163498
25161923
25161675
25160839
25160776
25157031
25154373
25153571
25151760
25151031
25149995
25149894
25145510
25143786
25142968
25140597
25136459
25136423
25131982
25131839
25131773
25131697
25131262
25127687
25127175
25122464
25121984
25121104
25115547
25111123
25110569
25110561
25110531
25108950
25107414
25106950
25101152
25099071
25097572
25095382
25092108
25091354
25089813
25079861
25079147
25069481
25066560
25064699
25064003
25054436
25054114
25051128
25050538
25048970
25046268
25043544
25043539
25042995
25042971
25042661
25040199
25038995
25037695
25035713
25034208
25027352
25026916
25026302
25024399
25023926
25023731
25023195
25022285
25016363
25014391
25011980
25011724
25007308
25003417
25002170
25001587
24998439
24998014
24996502
24992778
24991120
24987866
24987679
24979303
24978144
24978142
24977980
24976429
24976416
24974585
24974574
24971380
24969964
24967338
24967099
24966876
24962666
24959591
24956532
24950001
24944535
24942393
24941082
24936727
24936481
24935799
24930383
24928594
24928586
24925270
24911331
24906356
24903219
24897788
24897201
24897012
24888199
24887013
24878942
24877185
24870549
24861377
24861099
24860609
24854628
24849690
24848798
24840509
24840268
24840264
24840261
24837072
24833667
24831724
24829600
24829493
24829298
24828027
24825181
24825082
24818355
24816038
24815006
24809437
24800084
24798380
24795978
22450889
22449699
22445470
22439920
22438666
22432393
22421634
22419750
22417361
22411367
22410962
22406426
22403608
22402736
22398753
22397963
22395249
22391257
22385552
22385543
22383066
22380916
22372591
22365085
24471056
22357746
22356292
22355964
22355095
22354153
22348456
22345877
22343538
22343194
22338549
22338107
22338009
22336172
22334337
22331829
22328949
22315677
22308697
22307462
22305169
22304296
22301925
22295112
22291726
22289549
22277063
22276132
22275303
22272435
22267848
22263599
22263555
22261195
22257824
22256472
22254131
22250063
22249508
22234950
22234485
22234464
22233644
22232878
22231155
22230323
22225711
22224814
22223333
22217193
22216121
22215383
22209597
22209213
25562364
24688934
24278703
23599704
23569637
23448805
22207075
22205319
22204862
22203405
22194988
22192511
22192281
22190137
22187510
22184096
22180633
22180369
22179027
22176675
22175036
22174811
22174166
22173365
22167743
22166897
22166559
22164942
22162805
22162319
22157599
22154377
22152283
22152281
22152280
22149320
22149316
22149315
22147656
22144766
22142620
22137766
22135871
22135611
22135385
22129607
22129314
22128722
25212335
22125681
22124628
22120734
22120486
22118569
22117994
22117094
22115874
22115702
22113535
22112436
22111443
22110103
22108858
22108560
22108444
22108151
22105168
22102062
22101921
22100058
22098090
22094845
22094353
22088276
22087637
22085871
22082311
22081557
22073134
22072867
22071811
22068813
22067612
22065156
22062970
22062590
22059787
22058424
22057138
22056474
22053916
22041543
22040719
22009614
22009612
22035574
22034786
22032007
22031601
22030095
22028418
22027055
22021025
22018642
22018443
22018353
22016628
22015232
22014237
22007304
22007026
22006223
22001232
21997313
21994512
21989999
21987235
21986646
21986642
21986488
21986487
21986285
19695857
19695853
19694438
19694216
19692216
19689095
19687343
19687008
19682084
19680704
19679828
19678716
19675745
19673591
19672721
19672030
19667110
19666118
19664375
19659820
19656039
19655295
19654867
19651803
19650852
19650378
19650249
19646194
21291824
19641304
19640331
19638715
19638365
19637943
19634494
19632679
19630216
19628194
19627602
19618992
19614793
19606690
19606529
19605528
19604523
19604457
19601850
19593578
19589528
19584565
19583144
19577691
19577690
19577689
19577685
19576664
19574922
19571328
19563454
20836321
19559166
19557120
19556864
19556446
19554090
19553142
19552907
19552746
19551402
19550306
19548163
19546816
19546077
19545870
19545695
19545557
19540898
19540496
19540175
19534648
19529002
19527482
19524449
19522423
19521587
19520976
19519869
19519148
19515369
19509018
19506174
19501375
19500487
19498039
19497447
19497416
19491548
19489487
19476581
19475774
19473822
19465798
19464746
19464305
19461031
19452483
19450906
19404048
19444394
19443683
19443679
19441731
19437058
19436663
19436657
19435790
19427606
19427439
19424060
19423132
19422526
19421932
19420913
19420347
19410683
19407076
19406911
21291811
21291810
19402219
19401477
19400742
19399742
19398168
19397693
19397474
19390536
19388532
19387899
19379151
19376680
19375663
19370582
19369056
19367427
19355806
19355805
19363037
19344229
19344216
19343119
19339681
19339646
19339227
19339045
19335716
19333947
19333881
19332456
19331437
24683220
23105829
21603407
21291801
19330881
19329179
19329177
19328972
19327776
19327612
19325237
19322745
19322022
19321994
19321573
19319977
19317167
19305020
19303980
19302897
19301685
19298496
19296875
19289389
19287187
19285264
19284399
19278604
19274687
19272334
19271323
19271316
19269791
19269683
19265033
19264766
19262375
19262368
19254121
19250134
17081832
17080469
17080197
17079794
17078215
17075215
17070923
17070175
17070147
17070079
17069921
17069820
17069818
17066586
17065693
17065671
17065664
17064710
17064201
17062762
17060061
17059084
17058629
17058023
17056791
17054099
17053273
17053167
17052787
17050011
17046732
17045616
17042675
17042674
17039285
17038268
17035507
17034657
17032570
17031605
17030687
17028480
17027588
17023708
17023701
17022874
17017903
17015870
17014579
17013969
20527378
17006620
17005272
17003082
17001426
17000189
16999661
16999025
16990555
16989838
16979416
16979399
16973506
16973170
16971979
16971496
16970948
16970219
16966491
16962881
16960983
16960161
16958775
16957804
16951402
16950753
16949193
16948958
16946569
16946405
16945228
16944044
16943850
16941825
19804198
16940338
16938301
16936991
16935014
16929388
16928439
16925857
16923452
16923334
16923260
16923216
16922825
16922820
16919515
16918265
16917677
16911813
16911182
16910905
16906265
16902063
16901410
16901408
16900942
16899775
16895717
16893434
16893378
16889855
16888235
16887296
16877881
16877878
16874680
16872244
16868975
16868453
16866765
16864141
16858752
16858362
16858354
16857831
16855793
16847390
16843192
16841860
16839831
16832224
16825703
16825595
16822320
16821072
16817795
16816529
16809902
16809752
24678100
16807576
16805957
16802058
16801565
16800993
16799399
16796833
16794219
16793959
16792537
16791015
16790279
16789979
16785833
16784972
16784936
16784935
16782537
16781857
16781371
16781099
16780391
16776855
16773275
16772454
16772435
16769907
16768836
16768400
16766063
16763157
16758266
16757384
16753687
16751940
16749654
16737822
16735792
23674976
16733505
16733352
16733288
16730694
16729930
16724860
16723719
16720013
16717029
16716479
16714254
16713230
16708634
16705107
16704952
16700661
16698503
16696910
14983745
14983743
14980229
14978770
14974053
14972021
14971718
14970839
14969613
14969594
14964445
14963971
14962687
14770258
14769493
14767865
14766335
14761072
14757289
14757271
14757270
14759090
14750034
14749744
14749743
14746760
14743850
14740240
14739123
14739119
14737956
14734261
14734200
14730612
14730210
14730112
14728080
14728000
14727995
14727929
14718664
14717059
14715646
14715475
14709374
14704875
14704287
14703509
14703505
23105430
14696756
14695926
14694274
14693980
14693317
14692706
14687656
14684763
14679889
14679785
14679168
14678426
14675884
14675744
14673498
14671811
14671683
14669822
14669158
14668345
14666956
14664662
14664341
14663601
14663600
14663599
14663597
14663596
14662011
14661091
14659730
14657502
14656931
14655546
14646367
14644398
14644397
14644393
14644388
14644384
14643015
14642412
14642410
14642400
14650363
14640465
14639828
14639803
14639800
14639121
14636905
14635275
14633874
14631579
14628150
14627483
14627472
14626567
14626374
14625131
14624406
14624393
14624136
14624134
14623804
14621452
14621451
14620949
14619587
14618939
14618093
14618092
14617710
14616878
14615393
14613471
14613379
14613356
14613354
14613352
14613351
14612213
14611672
14607527
14605372
14604738
14600400
14596359
14592851
14587142
14587032
14585525
14585174
14580708
14579918
14578611
14574348
14572896
14572169
14571302
14569407
14567769
14567091
14565632
14565083
14565053
14564675
14564082
14563343
14561677
14559932
14558988
14558433
14558299
14532943
14531725
14529559
14527048
14525807
14525797
14525678
14524636
14524067
14521130
14519795
14516205
14514393
14512370
14509153
14506507
14505991
14505811
14505289
14503010
13677244
13129466
12975259
12971422
12966660
12966655
12963879
12958617
12957725
12957692
12957617
12957327
12956409
12956408
12953996
12953339
11226372
11225965
11220352
11224694
11223449
11223446
11223434
11223429
11222824
11222122
11217160
11216493
11213573
11213533
11205092
11204855
11200602
11198621
11194529
11194239
11191537
11191012
11187421
11187394
11185658
11181641
11179193
11176201
11175968
11175492
11174884
11173182
11168998
11168454
11166781
11166780
11165204
11160563
11160558
11158861
11158224
11152917
11145941
11145940
11144997
11138930
11137843
11137714
11137088
11136695
11134902
11134805
11134659
22973156
11132108
11130382
11128187
11127936
11127762
11123848
11122785
11122719
11122690
11121593
11116059
11116058
11114960
11114959
11114007
11111821
11111225
11098718
11095452
11096522
11092518
11092511
11092506
11082530
11079660
11079257
11078438
11078297
11077512
11075748
11074223
11074211
11073849
11071065
11068990
11068941
11067818
11065222
11063956
11063909
11061583
11060828
11058926
11058714
11058707
11058703
11055389
11054838
11053704
11053500
11048889
11048513
11045174
11045166
11045154
11044760
11044550
11034935
11034729
11031398
11031225
11029601
11026620
11024044
11022873
11022827
11021253
11018196
11016455
11016014
11015169
11013308
21765698
11012570
11009276
11006924
11003575
11003164
10999775
10999442
10998472
10998462
10996360
10996341
10996333
10993776
10992996
10991915
10987597
10985956
10984551
10983019
10980912
10980848
10979539
10978406
10978332
10978252
10973872
10973158
10971792
10971444
10971310
10970993
10968112
24398275
10963465
10962888
10960533
10958817
10957749
10955072
10955016
10954339
10954025
10953679
10947889
10946005
10945148
10945111
10943222
10938233
10938022
10938016
10933407
10933350
10932925
10927737
10926898
10925339
10925336
10924856
10924737
10924733
10924726
10924716
10919939
10915976
10910028
10910023
10910008
10907971
10901509
10901428
10901424
10900676
8951737
8942410
8921770
8917281
8910571
9122535
9118820
9076844
9063830
9053036
9007329
8978489
8978488
8978481
8974552
8957211
8957200
8950769
8941582
8908377
8901665
8866563
8937424
8824235
8900335
8801446
9048259
9004812
8983670
8980885
8934216
8906595
8905213
8891888
8886556
8884071
8857479
8833885
8879442
8879436
8875973
8875971
8875970
8875969
8798498
8962997
8836127
8830820
8928126
8842353
9051704
9036490
8904933
8896287
8895066
8895062
8886322
8884794
8880287
8874986
8872845
8792775
8792774
8831925
8816723
8694663
8830934
8967021
8877334
8869875
8864339
8824106
8696949
8692976
8692961
8950139
8908445
8879944
8875379
8844628
8837243
8831912
8827521
8827515
8800496
8764882
8757557
8708586
8670295
8983055
8862497
8837324
8831818
8817163
8781762
8767366
8766893
8683904
8682863
8682644
8682640
8640404
8637447
8635650
8652655
8652646
8633373
8622245
8636399
8635262
8610922
8865140
8769687
8767632
8735678
8731088
8726600
8725976
8725620
8725153
8676600
8653881
8653869
8645189
8621019
8619631
8652642
8623738
8615705
9125301
8626546
11725091
10729858
10684408
9139620
9139619
9139618
9139617
8860713
8860712
8860708
8853585
8829522
8774761
8732783
8732781
8650403
8642431
8641021
8624775
8609827
8601635
8601628
8601322
8622389
8640903
8636110
8617887
8615764
9273362
8979620
8882610
8882346
8833174
8772621
8768633
8712940
8705091
8701396
8678924
8678921
8670073
8670071
8633665
8572841
9072284
9026530
9026522
9008925
8867906
8866725
8855095
8845914
8845913
8821834
8645359
8620333
8606036
8596497
8561064
8808498
8808497
8808496
8808491
8555258
8555254
10608035
9023386
9001684
8959791
2000938
2000816
2000375
1998647
1872925
1861488
1666318
1665714
1998520
1992214
2041377
1994714
2004412
1998739
2062789
2044253
1988781
1872920
1846723
1846437
1827401
1712374
2022059
1998737
2046243
2044651
2042847
2030596
2025787
2023060
2010692
1988003
1987995
1986017
1985389
1985115
1955291
1942761
1938237
1921253
1921252
1897230
1859435
1849866
1839014
1826213
1824647
1815814
1793508
1781671
1751662
1750804
1725002
1723446
1667755
1365357
1365345
2243428
2256468
2147752
2293288
2239776
2174909
2149688
2090717
2090710
2082908
2073911
1981179
2248975
2215615
2229079
2254711
2231018
2149868
2147028
2126437
2123091
2099122
2096509
2282100
2282095
2278874
2278873
2266340
2262939
2262938
2258533
2247768
2218650
2169701
2130157
2130151
2130150
2120785
2079604
2079600
1979819
2220651
1975892
2127139
2122885
2203247
2203245
2394831
2248620
2246606
2236967
2200727
2147637
1981076
1705193
2393386
2386798
2198280
2397735
2375296
2373053
2280181
2280179
2242098
2242096
2226520
2083168
2390432
2366101
2252691
2232313
2226127
2205699
2141757
2130537
2369588
2163619
2399715
2375007
2373960
2358618
2353864
2344371
2343948
2338194
2192874
2191071
2127364
1973462
1971991
2199801
2360923
2360921
2360919
2340303
2331251
2193640
2188715
2351867
2245435
2194788
2179786
2156887
2148494
2108010
1973094
1971028
2180266
2313095
2139833
2384991
2371944
2304504
2185771
2185766
2158410
2108908
2183475
2312032
2407251
2407250
2380132
2362224
2340318
2300583
2299623
2199426
2190770
2140342
2105436
2105208
2305221
2152973
2368763
2358006
2357981
2345162
2328927
2312217
2301568
2297342
2297341
2291838
