ldl cholesterol reduction
26219281
26211644
26210195
26205747
26204410
26203098
26202829
26199582
26197574
26193046
26188833
26188178
26180768
26175225
26171326
26171246
26171220
26171160
26156922
26156545
26153221
26148680
26143161
26141755
26139916
26136384
26131217
26125504
26125284
26121249
26120788
26115727
26107367
26103611
26100072
26098621
26093535
26088304
26083546
26077006
26076562
26074319
26073398
26071975
26059865
26055216
26048725
26047975
26046657
26044182
26043746
26042049
26038818
26036130
26027630
26026998
26021459
26016937
26015437
26015307
26011816
26011648
26009596
26007320
26004812
26004275
26003162
26002254
25997070
25995283
25994746
25994465
25993767
25988764
25986159
25985907
25985605
25979506
25978109
25971287
25970418
25970146
25965722
25961461
25954050
25948671
25942378
25941811
25939292
25939291
25936907
25936329
25936326
25936320
25936317
25936309
25936301
25936299
25933969
25933163
25932792
25926412
25922265
25911080
25911078
25911077
25911072
25910811
25907359
25905182
25904961
25904765
25902885
25900265
25899452
25897793
25897620
25894802
25894629
25893648
25889426
25888764
25883426
25881936
25881614
25880551
25879228
25878993
25874645
25870124
25865966
25865021
25864741
25861469
25861297
25860945
25856746
25855981
25855835
25855389
25853952
25851421
25848033
25846658
25845026
25842792
25842685
25841872
25833773
25833772
25832488
25828517
25827856
25825037
25820046
25816728
25804269
25802481
25802390
25802224
25801013
25796548
25795019
25793643
25787998
25787418
25787244
25784935
25784512
25778850
25777360
25773888
25773378
25771732
25768710
25765827
25763201
25757855
25752494
25752015
25748163
25743173
25737291
25734961
25733626
25733327
25722430
25720761
25714579
25714444
25709798
25708866
25704796
25702618
25694068
25693362
25692840
25689751
25687270
25683704
24688953
24601174
23269653
23265512
23263738
23261172
23258080
23257303
23251793
23249698
23247049
23242996
23241412
23237237
23235674
23232972
23232924
23226171
23225194
23225175
23215996
23214143
23203064
23202923
23202366
23199712
23198737
23197842
23192156
23188216
23187951
23182125
23181701
23181148
23175895
23174861
23174719
23168851
23166513
23165531
23163322
23161124
23159614
23159411
23159231
23157038
23154655
23152839
23152373
23150952
23150750
23150577
23148280
23146744
23145891
23142249
23137925
23136620
23135897
23133854
23129602
23129439
23125505
23122768
23117427
23113833
23229605
23106512
23106034
23101510
23100282
23098891
23098887
23096237
23092412
23091707
23089925
23088653
23087361
23087358
23087171
23084986
23083789
23083223
23077141
23076603
23076556
23073618
23072120
23070831
23069003
23035144
23062767
23060736
23056097
23055341
23053553
23052625
23050906
23046818
23046709
23040830
23039873
23035844
23034128
23033969
23032652
23030283
23027319
23025113
23023565
25050248
24331594
23017585
23009926
23007074
22911177
22998978
22998604
22994057
22993909
22991657
22987572
22986485
22986183
22985273
22982903
22981508
22974833
22972399
22971205
22970753
22965836
22965757
22965217
22962863
22956784
22954675
22952794
22948417
22948212
22944431
22941588
22938176
22929458
22928363
22924034
22923161
22918042
22915295
22913890
22913889
22910633
22906895
22906565
22902152
22898069
22897901
22894911
22893497
22892323
22888413
22885951
22884763
22884520
22876442
22872154
22869926
22868800
22866304
22863409
22855917
22851998
22850130
22848584
22847201
22847176
22844422
22843446
22841185
22836077
22836073
22836068
22836065
22832337
22831708
22819563
22818869
22814748
22814241
22812594
22809114
22801416
22799743
22795291
22789850
22787067
22785146
22785138
22785024
20415163
20414045
20413736
20413733
20413122
20412422
20412373
20386760
20407630
20404828
20403997
20403481
20400493
20399059
20395116
20393673
20387563
20387549
20386249
20386078
20383571
20379796
20378840
20377476
20376076
20375942
20375883
20373678
20371166
20369795
20367801
20362303
20359270
20357713
20356594
20354344
22691864
22577408
20339536
20337856
20333646
20329701
20307398
20305947
20303127
20301983
20299999
20299684
20237502
20237169
20235787
20234782
20229156
20227438
20226430
20225991
20224282
20224248
20223367
20221703
20220185
20215710
20213546
20212029
20211468
20210683
20207952
20206456
20206067
20205861
20201733
20199998
20199786
20197631
20197419
20196891
20193752
20186155
20185347
20181814
20181044
20179259
20178716
20177495
20176986
20171948
20168234
20167657
20167359
20166891
20164363
20160396
20159859
20158283
20156339
20155988
20151762
20150722
20150526
20150293
20147603
20142872
20142814
20139652
20138279
20132024
20130569
20129403
20129384
20129376
20129370
20129367
20127562
20127202
20124122
20117400
20117273
20116146
20110440
20110022
20102918
20095516
19724164
20089734
20088669
20087664
20084185
20083727
20082562
20082258
20080236
20079899
20074902
20074633
20070250
20067836
20067513
20066501
20064910
20060029
20057371
20050127
20049392
20048381
20047620
20047560
20044312
20043811
20041810
23960587
22314947
21490917
21409897
21391729
21391728
21391353
20041149
20032578
20032478
20031900
20031796
20031607
20031551
20031380
19891946
19891945
20028961
20026779
20025294
20020207
20019024
20018286
20018177
20017910
20017835
20017484
20017101
20016845
20015371
20014994
20014684
20013192
20012308
20012223
20010118
20009956
20005687
20003590
20002198
20000881
19997842
19997784
19997573
19996623
19995360
19968707
19965915
19965614
19965609
19965573
17701659
17701049
17699330
17697899
17697531
17697400
17697054
17694505
17690011
17689850
17686833
17679832
17673884
17673219
17673194
17666579
17665547
17663803
21291692
21291690
17662394
17662392
17661829
17660601
17658498
17656665
17655954
17655813
17654448
17653691
17651070
17647040
17646562
17645591
17644340
17643522
17639748
17636786
17635574
17633313
17631989
17631295
17631077
17626713
17621736
17620860
17617941
17616740
17615372
17611730
17611293
17610876
17610348
17604633
17603286
17600772
17599378
17598652
17596685
17595890
17595251
17594856
17593234
17592556
17588826
17588583
17587764
17587760
17587396
17587394
17586102
17582541
17578178
17578170
17578163
17575326
17574107
17572141
17570262
17570245
17569880
17566076
17564020
17563401
17563030
17562781
17560881
17558240
17557985
17556692
17554242
17551386
17547840
17545881
17544042
17542767
17541208
17536893
17536886
17536190
17533063
17532008
17526934
17525476
17525004
17525003
17523707
17523399
17522050
17521936
17521690
17519305
17519084
17519076
17518696
17515887
17513403
17512355
17512318
17511626
17510032
17506985
17502126
17496715
17493419
17493417
17489878
17487211
17484348
17483372
17482295
17481993
17478758
17478727
17472747
17472483
17467711
17464177
17464102
17462613
17461981
17455220
17454132
17452316
17451425
17451281
17449864
17449576
17445337
17444660
17440626
17437081
17436822
17436821
17433542
17433279
17431276
17431185
17430734
17429294
17414591
17413096
17411073
17407633
17405587
17405573
17404825
17399827
17398372
17398308
17397569
17395756
17393216
17392126
17391637
17391425
17389710
17387131
17386651
17386354
17386092
17384434
17383717
17378971
17378135
17371461
17368957
17367312
17362781
17360978
17351155
17349882
17348840
17347284
17346709
17346631
17346614
17344491
17342636
17342417
15530894
15530275
15529550
15528376
15526660
15526541
15522824
15522135
15521901
15520451
15519290
15519288
15519006
15518777
15518058
15516723
15514256
15514180
15513800
15512033
15508014
15507891
15506434
15504577
15504374
15500942
15499039
15495112
15490200
15488885
15488879
15487810
15486323
15486318
15485695
15485596
15485402
15478041
15477799
15477398
15473896
15472793
15472198
15471148
15469651
15467775
15467018
15467017
15466951
15460421
15458793
15458690
15456613
15456334
15454283
15454274
15449756
15389231
15388641
15386934
15385538
15383655
15383199
15383187
15381962
15380909
15380903
15379211
15375830
15372846
15370099
15366322
15362487
15361789
15358785
15358046
15356967
15356378
15353498
15349133
15342686
15337732
15337694
15337210
19667672
15334157
15333722
15330739
15327191
15326073
15325833
15324528
15324526
15324521
15320816
15320801
15320783
15320342
15319266
15313950
15311998
15310534
15309462
15308998
15308478
15307542
15298758
15297292
15297105
15297079
15296706
15296700
15296503
15293079
15288677
15287704
15287520
15285698
15284534
15283929
15280795
15279333
15277509
15277094
15274202
15272932
15262189
15262185
15262037
15262025
15261947
15255464
15255458
15255120
15250255
15250032
15249516
15246890
15243303
15243210
15240608
15239488
15239487
15239486
15238460
15238451
15238223
15235691
15234187
15234080
15230988
15226460
15225529
15222761
15219523
15218398
15217806
15214586
15213045
15212653
15212648
15211328
15211327
15211326
15210040
15207654
15206502
15206153
15203583
15200755
15199433
15199384
15199342
15199031
15194305
15193832
15193831
15193818
15187421
15186959
15186658
15186657
15183127
15178562
15177522
15177299
15177129
15177118
15175362
15173062
15172630
15172628
15172626
15171226
15170709
15169972
15168866
15168036
15166806
15166781
11778924
11778921
11778920
11774111
11774104
11773502
11772294
11770189
11767208
11765300
11757082
11756063
11755937
11754730
11754108
11753595
11752041
11750882
11748098
11744122
11743060
11742880
11742878
11740191
11739861
11737954
11737377
11735125
11735122
11735085
11734580
11731186
11730811
11730728
11730394
11728245
11724515
11723413
11723015
11720894
11719520
11718692
11718676
11717600
11716354
11714213
11712406
11712304
11707563
11705418
11704433
11703963
11694237
11693751
11693468
11691649
11689202
11687771
11687507
11686312
11686311
11686309
11686009
11686007
11686003
11685905
11684527
11684376
11684077
11678045
11676978
11676228
11675956
11641740
11605698
11604260
11603100
11602850
11602214
11600564
11600554
11595776
11592752
11591613
11590990
11589674
11589262
11587430
11584079
11583728
11583711
11583472
11582840
11575710
11575043
11573752
11571816
11567659
11566168
11565320
11558859
11558482
11549098
11546658
11544561
11535963
11535939
11535549
11535207
11531927
11530028
11528361
11528235
11524740
11524058
11520791
11520485
11520484
11518768
11518201
11518191
11511975
11511970
11510487
11508318
11507323
11506958
11506768
11505696
11504982
11504580
11501602
11501600
11501599
11500319
11500189
11491652
11488428
11487509
11485143
11483633
11481398
11480458
11480382
11479938
11478408
11477088
11476192
11475681
11475343
11475274
11474489
11474227
11473572
11473066
11472753
11472748
11472743
11472706
11470723
11469968
11467759
11467757
11464714
11464448
11434791
11464223
11463406
11461777
11460791
11457739
11454015
11452897
11452336
11451721
11451718
11444648
11444418
11443196
11443189
11443167
11441135
11440984
11436194
11434828
11434193
11434190
11431893
22754389
11429618
11427454
11426581
11423507
11421160
11417908
11416493
11414234
11413162
11413045
11412774
9526809
9526710
9523356
9519343
9519341
9519339
9517800
9518063
9517370
9478952
9514418
9512961
9512874
9507992
9504447
9499592
9506856
9498534
9493553
9491833
10180344
10180343
9488998
9488190
9485128
9484983
9481526
9475439
9470006
9469591
9469582
9463762
9461231
9421485
9459371
9430865
9389757
9381032
9458274
9458269
9417056
9452133
9451989
9445249
9444880
9441530
9441157
9441011
9415344
9437194
9437409
9437203
9437202
9437199
9436818
9436628
9430376
9430375
9430365
9426380
9421387
9416886
9407513
9412776
9409237
9408911
9372993
9412775
9412774
9409301
9409294
9409286
9409251
9409231
9409206
9409200
9386091
9385923
9374483
9405913
9405024
9399258
9397398
9395275
9395271
9394699
9389972
9388100
9369038
9368810
9366812
9363379
9360504
9358961
9357800
9354305
9353622
9351384
9351383
9351353
9350917
9350033
9381992
9329379
9327771
9327767
9327765
9324103
9323583
9339964
9315523
9313756
9308326
9298686
9298680
9298678
9295011
9294990
9291126
9288867
9285514
9281617
9314186
9271817
9245414
10322835
10225747
10225746
9301640
9301639
9301638
9264420
9263180
9258407
9231778
9230143
9224738
9218525
9247356
9395824
9283055
9269583
9268221
9263748
9261278
9261272
9260486
9254075
9254061
9253519
9252956
9246022
9241100
9236431
9234031
9226489
9223402
9223394
9202207
9237640
9265282
9202359
9183227
16379700
9303897
9303896
9296641
9249230
9229225
9227812
9225173
9208337
9205850
9194770
9194504
9186885
9186308
9185636
9176830
9153208
15989622
10225769
9532848
9304226
9299202
9238624
9212175
9211018
9181257
9180253
9180239
9165562
9160820
9160173
9157964
9157952
9152493
9150480
9149652
9143793
8386689
8382234
8333205
8255513
8216842
8180413
8159304
8154130
8145424
8122478
1487226
1487552
1483617
1485946
1475888
1471162
1466663
1461137
1460186
1361323
1304605
1290920
1288512
1478604
1442579
1406416
1494210
1486690
1472971
1472833
1468295
1467138
1462678
1455161
1445490
1440855
1435299
1435295
1435294
1435289
1430232
1430085
1426886
1419621
1362891
1329482
1304463
1304142
1302847
1298545
1414897
1480146
1526329
1490299
1468120
1466652
1466647
1459169
1449443
1449440
1296545
1291151
1333421
1525120
1525119
1518420
1516197
1451519
1421908
1405396
1328367
1326320
1295257
1287377
1285703
1285689
1412289
1413136
1397039
1321944
1637797
1637790
1632391
1495991
1418096
1418092
1396477
1386186
1326487
1626496
1643806
1642248
1628660
1609760
1480917
1453884
1431582
1424623
1606177
1606174
1639051
1634195
1632869
1601995
1599344
1588437
1512509
1511071
1405286
1405285
1404494
1351367
1611329
1349935
1564233
1596518
1532993
1343558
1598008
1619365
1579405
1576122
1570359
1507659
1505648
1505646
1423368
1572375
1348295
1313035
1590824
1588269
1581407
1532586
1527479
1518770
1411867
1373074
1315812
1544896
1313231
1545940
1347091
1537875
1611649
1596307
1596304
1596293
1550043
1542669
1542259
1523145
1521040
1314881
1313762
1312762
1286136
1581929
1737858
1736037
1734676
1613998
1581411
1569379
1730591
1731857
1729864
1728471
1727999
1727908
1632313
1618241
1590653
1580586
1575821
1574712
1573306
1563645
1559319
1541318
1541317
1520748
1516599
1478792
1478404
1473909
1471924
1465059
1446408
1436290
1429490
1428300
1364970
1362189
1352930
1329835
1320305
1316885
1314244
1296188
