(("1900/1/1"[Date - Publication] : "2015/03/11"[Date - Publication])) AND ldl cholesterol reduction
23866938
23866314
23866006
23863908
23862065
23856329
23819727
23851242
23848231
23848030
23841960
23841572
23840481
23836549
23836449
23832488
23831494
23826679
23822704
23816477
23816038
23815818
23815518
23812296
23809150
23807924
23806736
23802885
23797428
23793133
23792106
23791799
23788760
23786900
23786821
23773414
23770327
23770179
23769961
23767865
23767790
23762869
23762432
23759796
23758076
23744794
23743804
23739650
23736820
23736819
23736006
23735638
23735004
23734746
23727535
23721986
23709232
23702658
23700132
23698234
23697397
23696195
23691640
23688862
23683111
23677857
23676255
23675503
23674515
23672630
23672526
23669405
23666884
23663650
23661771
23661675
23660512
23642326
23642325
23642323
23642322
23652638
23652569
23652567
23651953
23642776
23640946
23640349
23638445
23637831
23637349
23634323
23633321
23630550
23627975
23625415
23623012
23619255
23617853
23615494
23611600
23611341
23610181
23610100
23608322
23600368
23595962
23595343
23594709
23592132
23591731
23590413
23589336
23585643
23585024
23584744
23584084
23583194
23576420
23574635
23572479
23571733
23569963
23566930
23566285
23565423
23565386
23559790
23557388
23556829
23556344
23555784
23553812
23551992
23551675
23551674
23549085
23543514
23540443
23539920
23537656
23537367
23534396
23529992
23529608
23527913
23525898
23525426
23523156
23522341
23521797
23518842
23516438
23515142
23512917
23512860
23512743
23512497
23512440
23511244
23510828
23509227
23508901
23508601
23508039
23505070
23501331
23500281
23497604
23496093
23494544
23484524
23482473
23479408
23478699
23478121
23474512
23474323
23469913
23465035
23463969
23460659
23456731
23452940
23448449
23440795
23440143
23439744
23435446
23427811
23423818
23422242
23418103
23417688
23416951
23415429
23411235
23411222
23410564
23409085
21122680
21122657
21122147
21114824
22416660
21113487
21111593
21109302
21109246
21108580
21105984
21104458
21095484
21093936
21093421
21093232
21092182
21090830
21089418
21087312
21087152
21086242
21086180
21086048
21082868
21078607
21074814
21073267
21071700
21067806
21067805
21067804
21066889
21061833
21058895
21057823
21048435
21044742
21044014
21038040
21036355
21035316
21034179
21033083
21030022
21028996
20981870
20980035
20974996
20973966
20972840
20965889
20960084
20959675
20958974
20958109
20950599
20950490
20945953
20943954
20941830
20941469
20938038
20932961
20924095
20923582
20921276
20920687
20920040
20885069
20885068
25126149
23408779
22577424
22419927
20876408
20875380
20874689
20868450
20865211
20860413
20858753
20857893
20854700
20854384
20852977
20852414
20837928
20846238
20844007
20843566
20842854
20842562
20842556
20841495
20841372
20840194
20839391
20828360
20826564
20816113
20816010
20815907
20805260
20797475
20739418
20736443
20733267
20731529
20730452
20730069
20727521
20727145
20722144
20719578
20716455
20715906
20710028
20705919
20702976
20702810
20701788
20699424
20697307
20695884
20692822
20691200
20687089
20681465
20676836
20675955
20675591
20673179
24688147
20671652
20671225
20670941
20670429
20667950
20657308
20653799
20653359
20653231
20651830
20650550
20650439
20650302
20649626
20648041
20643534
20640165
20638259
20636227
20634673
20634651
20630099
20627247
20626668
20626053
20625310
20625256
20625215
20621255
20619626
20618996
20617456
20616609
20615262
20613670
20609180
20607035
20606593
20603314
20599665
20599603
20599004
20599002
20596715
20595709
20594395
20592321
20591084
20590484
20587720
20587337
20584868
20581677
20581104
20580687
20579540
20578904
20571503
20567027
20566663
20563294
20559299
20559294
20556890
20553794
20549098
18427276
18424600
18418538
18417073
18416823
18414186
18413208
18408575
18406350
18402819
18402536
18402239
18401970
18400731
18398809
18395728
18392382
18391473
18389878
18388879
18386612
18385391
18378129
18377791
18376357
18374051
18370810
18370666
18370654
18370572
18370504
18366985
18365496
18363276
18359323
18356852
18356785
18356553
18354138
18353516
18353459
18350737
18346984
18344723
18341529
18339052
18326981
18326948
18325487
18324945
18316222
18316115
18312806
18312762
18311054
18310771
18306478
18306452
18301841
18299547
18295912
18292593
18289605
18288293
18285551
18285328
18279736
18273835
18227492
18268065
18265719
18262024
18260880
18255012
18254873
18249211
18241286
18239576
18234378
18232274
18232183
18230960
18226326
18225475
18222665
18221806
18221076
18220588
18209567
18206595
18206033
18202666
18201563
18201203
18201180
18200820
18199996
18198397
18196209
18194486
18193377
18192127
18191683
18191373
18191354
18187556
18095778
18095777
18095776
18184901
18184553
18179875
18173958
18173956
18173546
18166299
18164017
22477447
20016733
19918114
18163011
18161210
18160673
18160459
18155709
18155507
18093505
18083949
18081945
18078870
18078866
18078012
18077945
18077795
18076426
18075247
18070995
18070774
18069223
18066453
18065826
18065594
18065577
18065424
18061058
18060750
18056036
18055424
18054320
18053320
18052685
18047854
18047851
17910519
17910518
17910517
18048949
21291704
20014676
18045152
18042527
18038978
18037734
18035198
18031309
18030873
18029338
18026819
18025815
18024853
18022398
17935058
18003761
18001768
18001320
18000729
18000291
17999876
17994458
17993806
17992654
17991875
17990970
17989609
17985033
17984456
17984165
17982304
17980369
17978855
17977546
17977469
17973781
17973448
17970201
17968464
17965484
17964767
17964419
17964036
15989499
15987707
15983524
15983301
15982671
15982658
15982505
15979629
15977099
15976803
15975088
15974883
15972801
15972289
15969949
15969877
15969866
15969264
15968396
15966559
15964309
15963464
15959426
15955453
15955377
15944423
15943824
15943105
15942550
15942122
15941145
15939058
15939057
15936313
15935095
15931334
15930485
15929790
15926873
15924776
15924585
15919237
15917877
15914919
15913038
15910869
15910557
15910404
15907413
15906951
15904653
15900307
15899950
15899483
15899106
15894400
15893756
15893181
15892654
15890892
15889234
15887858
15887425
15885846
15885845
15884765
15882313
15882224
15880364
15878964
15878720
15878003
15877800
15868362
15867412
15866231
15864508
15864233
15864225
15862799
15861314
15860402
15859942
15857309
15857307
15857272
15855581
15852049
15849435
15849406
15848614
15843283
15843280
15843229
15842130
15840555
15840056
15838335
15834540
15834527
15832486
15828907
15826475
15825700
15824762
15823495
15823492
15820483
15819377
15817854
15816994
15811562
15811254
15811249
15811200
15811197
15806713
15804733
15803108
15795426
15795424
15794711
15791289
15790932
15784644
15781875
15780537
15780536
15777556
15777554
15777542
15777537
15776990
15776029
15775873
15772526
15772431
15771919
15771782
15769772
15768833
15767525
15767241
15767233
15767226
15764620
15763965
15762189
15759815
15759306
15755765
15754269
15753189
15751988
15746650
15743994
15743156
15734619
15733008
24672115
15730433
15726915
15726368
15721501
15721024
15721021
15716790
15711655
15711602
15710887
15710069
15708553
15707560
15707477
15705920
15699227
15699226
15694949
15694747
15693284
15690306
15689053
15685308
15682944
15678257
15676013
15673691
15672113
15671087
15669365
15669149
15666581
15663533
15662752
15662596
15660024
15658206
15657157
15656713
15655272
12235181
12234946
12232493
12230295
12221048
12219187
12218722
12215067
12209371
12208478
12208469
12208466
12208171
12207842
12204807
12202990
12200762
12200749
12197314
12193684
12192894
12189625
12177164
12171785
12166530
12166369
12164599
12163661
12161488
12153554
12151855
12150541
12150364
12149041
12147931
12145769
12145296
12145012
12145004
12140726
12140348
12137448
12131916
12131215
12127385
12127302
12125225
12119986
12119548
12119202
12117732
12114378
12114036
12111995
12110025
12109949
12109633
12106923
12105225
12105195
12102655
12101821
12099668
12099160
12091863
12091753
12087008
12083455
12083314
12081134
12080402
12079862
12079440
12078489
12078058
12077562
12074973
12074830
12074361
12073626
12072574
12072051
12069361
12067908
12067821
12064976
12063775
12063773
12063444
12059987
12059984
12058989
12058342
12055702
12054433
12052475
12051964
12051775
12049989
12048119
12046679
12044962
12044587
12044586
12040732
12039998
12039795
12038599
12034052
12033835
12033827
12032741
12032104
12031599
12030378
12030313
12029999
12023990
12023168
12019357
12016339
12020980
12014432
12012627
12010583
12010009
12007529
12006916
11999665
11999536
11999380
11999145
11998328
11996956
11996949
11994351
11994249
11991214
11989073
11988600
11987837
11985406
11983729
11982953
11982791
11981066
11980688
11977122
11976156
11976073
11976071
11975807
11975764
11971954
11966746
11966742
11965512
11962755
11956737
11955849
11955344
11952509
11952022
11950707
11948705
11948055
11947915
11947912
11947904
11943832
11933701
11929643
11927515
11926698
11925466
11925464
11923097
11921686
11918278
11914249
11912565
11911915
11911905
11907862
11903415
11900720
11900610
11900400
11897445
11896508
11894983
11894760
11894753
11893782
11893779
11893482
11890840
11889008
11888512
11887470
10073988
10073977
10073966
10072708
10072106
10069791
10069664
10067657
10067240
10065020
10064724
10052496
10051310
10037685
10030389
10030386
10024526
10024335
10024187
10021881
9989258
9974430
9952322
9949787
9931410
9929751
9926902
9925664
9924707
9923570
9922071
9919504
9920515
9920153
9920144
9920138
9919513
9919507
9918530
9895420
9915667
9915666
9915665
9895000
9893010
9892586
9888879
9888860
9888644
9885777
9883763
9870907
9869668
9869653
9868590
9868586
9864555
9863536
9862276
9862177
9860377
9857272
9853540
9852713
9848892
9848880
9848503
9845852
9843456
9842184
9841599
9840454
9839094
9834750
9832077
9831627
9830485
9829487
9828761
9827484
9827472
9826205
9825176
9823550
9823020
9821012
9820078
9819786
9819100
9819099
9819102
9819098
9817479
9816634
9812016
9812918
9811154
9808609
9807971
9806908
9805219
9804518
9803483
9802552
9797484
9796889
9793596
9789849
9788246
9785223
9785062
9779416
9777653
9774178
9772139
9772052
9771854
9769301
9756248
9751233
9748601
9747644
9741193
9740314
9739489
9738699
9737645
9734247
9733021
9730561
9717062
9717054
9714785
9714740
9714133
9712348
9712346
9712338
9710659
9708659
9707271
9704196
9702848
9701179
9701178
9699906
9699905
9699888
9698096
9697659
9695648
9694548
9694540
9694538
9693942
9693406
9691796
9685360
9685159
9684746
9684737
9683309
9680504
9678784
9678774
9678770
9677019
9676170
9674175
9673745
9671306
9671010
9669262
9667236
9666952
9666695
9657522
9655188
9651905
9651904
9651324
9650502
9648340
9647874
9647413
9646097
9643349
9638964
9593815
9635047
9633995
9633944
9633940
9630709
9630383
9629664
9614153
9627538
9627376
9627365
8147340
8093139
8044193
8006522
7930373
7927437
7521019
8106695
7906343
8309029
16353616
8188009
8174452
8172528
8168280
8147994
8139482
8139476
8135530
8131532
8131274
8128933
8123657
8123635
8070302
8057004
8054260
8033951
8025372
8022551
8019642
8018106
8015504
8014575
7517162
8117177
8110785
8106510
8297199
8295321
8310996
8310987
8308480
8290176
8160466
8152346
8115891
8005129
8003094
8304980
8728832
8304441
8304363
8289680
8283932
8283930
8272301
8209670
8202188
8187806
8187240
8187209
8168352
8168349
8155087
8147073
8138722
8122402
8117833
8052431
8015480
7986478
7986315
7979164
7959356
7957515
7927958
7859805
7859799
7856175
7853813
7752830
7730737
7717844
7672874
7648791
7517835
7517830
8114536
8301237
8301232
8301226
8263597
8241099
8121250
8118476
8303790
8298506
8297546
8292100
8292099
8218098
8159874
8110617
7906572
8267312
8211041
8408459
8378944
8287573
8281981
8281979
8272680
8243874
8232678
8225019
8213399
7951516
8213496
8256309
8211024
8236548
8406127
8403797
8379722
8260478
8254593
8251007
8240462
8237080
7504129
8372340
8238886
8407271
8405740
8376110
8342189
8336203
8330376
8297223
8257453
8240151
8233712
8222540
7691019
8341680
8323418
8508523
8398006
8395472
8377021
8371065
8355471
8345799
8326293
8323975
8322798
8318502
8314169
8268546
8246351
8138276
8111502
8100826
8507125
8352438
8099379
10146336
8509588
8506890
8503363
8409079
8371849
8366184
8364505
8364001
8336843
8315938
8279987
8278696
8216503
8005974
7687713
8330657
8509717
8508611
8487352
8486764
8485115
8388072
8354335
8339527
8330440
8219679
7761664
8464431
8481069
8481392
8385766
8513089
4057999
3930554
3904378
3904377
3865648
3001482
2935163
3930530
4067416
4049242
4045301
2996324
2933479
2867148
2865666
3903563
3900615
3863623
2994765
4068453
4066643
3899766
3896252
3874341
2992535
4031646
4017275
3990714
4022874
3994583
3990564
3890872
3887883
3016671
3856692
4021272
4009063
3907233
3990170
4039593
3977776
3856094
3972329
3973021
3913502
4085392
4068801
4062571
4055016
4051756
4036701
4019944
3987520
3968986
3966411
3933405
3908084
3903770
3898748
3888229
3861594
3840743
3000263
2996310
2409358
6515380
6532566
6530592
6519878
6511921
6567462
6521200
6517973
6494080
6477956
6205811
6475764
6382999
6376837
6596047
6434321
6378975
6737642
6466343
6481710
6479317
6466193
6430773
6330792
6469177
6485420
6733128
6732988
6375337
6326562
6590073
6740216
6712541
6589878
6588975
6464508
6740547
6712971
6712964
6539185
6424427
6323237
6727693
6429949
6422916
6323070
6322736
6360415
6361300
6361299
6229285
6708390
6711333
6594004
6587755
6524301
6486723
6482326
6365107
6322670
6315760
6091426
6085363
6581808
6416861
6639917
6615872
6615863
6651915
6651913
6136793
6629289
6872959
6642415
6639707
6639706
6618402
6875693
6871236
6882511
6308052
6612688
6882502
6858552
6342382
6875383
6866345
6572087
6573839
6413814
6304931
6826717
6573161
6305342
6843039
6833894
6833888
6130244
6844300
6687319
6686774
6685498
6683558
6680996
6666872
6645868
6632918
6354950
6347029
6345422
6322545
6758114
7149071
6295496
6813637
6816614
6750834
7157847
7150396
6130595
6284749
7138621
7085852
7126365
7087795
6214264
7075531
6122483
7138283
7078030
6955136
7074119
7134845
7046825
6281352
7078156
7077148
7066085
7043921
6802651
7080553
7149640
7149628
7092582
7073797
7054218
6890948
6890357
6890099
6819760
6800349
6749766
6281610
6177963
6177959
7300873
6118716
7332609
7332603
7332600
7322138
7298845
6946704
6169481
6946776
6798574
6797785
7319117
7020984
6269573
7296353
7284052
7259372
6790903
6944971
7246768
6268475
7231197
7218479
7031774
6263072
7247989
7455910
7225199
7225166
6787158
6257763
7470200
7464555
7346295
7324455
7316782
7216601
7008806
6948505
6306642
7236657
7419687
7443443
6107543
7412822
7426099
7426092
7421585
7427443
7441062
7203281
6997588
7415761
7364747
7378121
6771094
7370096
6987993
6986741
7360525
7439809
7354257
7281732
7213019
6986036
6768372
528097
528096
227618
91022
226832
395559
228272
231577
228684
226259
221531
219553
219677
223591
223588
218632
216895
231951
229645
218069
216261
216259
723760
748727
215170
210175
210375
700275
213083
210664
209911
209804
209803
207959
348378
211036
209449
218273
202966
211922
199753
198601
194923
199148
193390
193523
840563
835532
194979
191780
189658
189446
197759
189153
1001205
188035
186224
187052
185036
971340
184221
182891
73854
181978
182185
182183
181657
73693
182951
179735
177840
6182
183319
178813
1002119
183462
183322
179648
179296
179295
177837
173478
172531
212203
170992
171109
174162
170949
167856
168650
168909
48833
164479
164312
163284
46338
215986
215985
163777
4373018
4370164
4366052
4366104
4346005
4341500
4362144
