(("1900/1/1"[Date - Publication] : "2015/03/11"[Date - Publication])) AND ldl cholesterol reduction
24298928
24298114
24297743
24295081
24293371
24292300
24290600
24289070
24285763
24285582
24285336
24284344
24283215
24283160
24281903
24280596
24279308
24276222
24275104
24273760
24271261
24267258
24267243
24267238
24255061
24252255
24250893
24250826
24250557
24249942
24246588
24246345
24245861
24244297
24239923
24239150
24238298
24232818
24225325
24225128
24224137
24217936
24211394
24204732
24204594
24201706
24201066
24199982
24199166
24195348
24193449
24188322
24188231
24184945
24184943
24184408
24176004
24174878
24174819
24170653
24170205
24169933
24169327
24166456
24165684
24164109
24163695
24163120
24160573
24158768
24154684
24152981
24149811
24144075
24139973
24138664
24138536
24136759
24133059
24132976
24126321
24125402
24124429
24123098
24122718
24122546
24120517
24120264
24119309
24115837
24114802
24114461
24113910
24113220
24113197
24113041
24106453
24106404
24105997
24104463
24099723
24096924
24096552
24094767
24094494
24092747
24090606
24090379
24088210
24083591
24083205
24079286
24078569
24075770
24075767
24075747
24073995
25866829
24070911
24065615
24065472
24063624
24063257
24062791
24060958
24038836
24038561
24036126
24024769
24024701
24016512
24016248
24015695
24014831
24011771
24006749
24004639
24002360
24001602
23993539
23990605
23988150
23979353
23979132
23978693
23978057
23977817
23973703
23973693
23969698
23968597
23967086
23965489
23964121
23961478
23958251
23956443
23953848
23951896
23948546
23947428
23947006
23921777
23942733
23939362
23938051
23937379
23932901
23932550
23930676
23930675
23928724
23926117
23925993
23924077
23921483
23916045
23913404
23910935
23910408
23909831
23903772
23903277
23901210
23893195
23892857
23890855
23889692
23889627
23889507
23887902
23885522
23884353
23883962
23876558
23873269
23872958
23872591
23871755
23868627
21530605
21530500
21528490
21526640
21524316
21524048
21521130
21519744
21519741
21518694
21516959
21513503
21510583
21510525
21508297
21505026
21502686
21501227
21497705
21497423
21495414
21495405
21494228
21493817
21492764
21492002
21491734
21487912
21486287
21485697
21484293
21481394
21479674
21476961
21475144
21475092
21473671
21472256
21471134
21469603
21463616
21462480
21461336
21461141
21459264
21459260
21458773
21457263
21454561
21450606
21448349
21447785
21447439
21445680
21440886
21438812
21436841
21436491
21427505
21426503
21426490
21426336
21421631
21421296
21420840
21420745
21419745
21419320
21419317
21418031
21417594
21416179
21407166
21406672
21404720
21403658
21402378
21398511
21397769
21397230
21393488
21392722
21392609
21392600
21391887
21390069
21386036
21385244
21384253
21377952
21375740
21375141
21372610
21371451
21364957
21353104
21352420
23251745
21349603
21347968
21343632
21342860
21341338
21340529
21338988
21336428
21334753
21331642
21327725
21327136
21323473
21318091
21316934
21314635
21314634
21310417
21309847
21308622
21306285
21304496
21304215
21299872
21299553
21298654
21296681
21293083
21293004
21292623
21292264
21289511
21289223
21285406
21280176
21278233
21277016
21272190
21272105
21270379
21267417
21266787
21263413
21262787
21259004
21257028
21255539
21250691
21249663
21249329
21247520
21244342
21244241
21235381
21235354
21233599
21228765
21226266
21222064
21216577
21212252
21208833
21205114
21199265
21198725
21196532
21196369
21193682
21193151
24250958
21190831
21189912
21189431
21185740
21185503
21180182
21178985
21178122
21174506
21160531
21151159
21150335
21147860
21147780
21146668
21140159
21139538
21139510
21139239
21138348
21137170
21135927
21130456
21128988
21128846
21128120
21127702
21127701
21127699
21125068
21123766
21122684
18819196
18818758
18818757
18817993
18817139
18815063
18813412
18803940
18803709
18803274
18800143
18799354
18797596
18797580
18796426
18794894
18791464
18787185
18781948
18781850
18781601
18780133
18778179
18774613
18773755
18773606
18773156
18772610
18772061
18769836
18768917
18765966
18765432
18673009
18762410
18761783
18758684
18758125
18758088
18754270
18753623
18752977
18752682
18752326
18729243
18727111
18722681
18722549
18721084
18720175
18716180
18714375
18712055
18711404
18710606
18708425
18706278
18706124
18705755
18700070
18695239
18691996
18690760
18689569
18689564
18689551
18689364
18688083
18684421
18684418
18684223
18682540
18678766
18675556
18670365
18669882
18669194
18669160
20040948
18663903
18663233
18663165
18653998
18651466
18651118
18649055
18648182
18640393
18640378
18639410
18638594
18637168
18635596
18629374
18628276
18626463
18626239
18624609
18620033
18617654
18613992
18611369
18611121
18607185
18606915
18597411
18596999
18594477
18593823
18588813
18585897
18585453
18585100
21331203
18582408
18579465
18578957
18577880
18576906
18567747
18564342
18564334
18563055
18561875
18561517
18561502
18560126
18558412
18555827
18552062
18549841
18375243
18375242
18545070
18545068
18544971
18544231
18541958
18541599
18538528
18537102
18537097
18535816
18534601
18528690
18528511
18524415
18524173
18522792
18522683
18520052
18515295
18513463
18510281
18509206
18507269
18503695
18296359
18503219
18502300
18498764
18498273
18439060
18492863
18492070
18490931
18489494
18489399
18485668
18485273
18485137
18484901
18482661
18481011
18480348
18479282
18477407
18475181
18474136
18473697
18472103
18468940
18468736
18462073
18426513
18460924
18459658
18454257
18453796
18447654
18445617
18441450
18436977
18436719
18436117
18436114
18435936
18434051
18430363
18430270
16303007
16301966
16300420
16291016
16291009
16290994
16290290
16289373
16288717
16288655
16287954
16286171
16283864
16283862
16283239
16281491
16280426
16280425
16280339
16277947
16276244
16276243
16276237
16276077
16275871
16272564
16270286
16270280
16270278
16270277
16269992
16269046
16268049
16265867
16265533
16258792
16258774
16256018
16256017
16253595
16253594
16252611
16251246
16250263
16249194
16244767
16240674
16239591
16238961
16238909
16234628
16230014
16227687
16226266
16222621
16221935
16219894
16219312
16218504
16218497
16218496
16218045
16214597
16214443
16214244
16213683
16211093
16210564
16209139
16205026
16205019
16202158
16202012
16201887
16201743
16197659
16194634
16192258
16188040
16187675
16186066
16186052
16185916
16185676
16185099
16184460
16183584
16181346
16176498
16176470
16175933
16173682
16173527
16170675
16169347
16166563
16164158
16162943
16161915
16159610
16159593
16158080
16155285
16154435
16154305
16151973
16144509
16142565
16142383
16140902
16138937
16138936
16138713
16132058
16126025
16126024
16126023
16126019
16125536
16125523
16123174
16119085
16118264
16117815
16116326
16115546
16115540
16114786
16114277
16112245
16111440
16105858
16103256
16098846
16098225
16089355
16088091
16087973
16087144
16086932
16086647
16084666
16083526
16082823
16079928
16077083
16060915
16055586
16054715
16054442
16053994
16052841
16050054
16049397
16046281
16046280
16043732
16043185
16041449
16041193
16039291
16037255
16035395
16035394
16035372
16034706
16034221
16030077
16028645
16028395
16026136
16025360
16025232
16023312
16022196
16021026
16020940
16020630
16020037
16011979
16009795
16009445
16006277
16005883
16003294
16002797
16002743
16002074
16000355
15998926
15998354
15998353
15998167
15995177
15995170
15994440
15992643
15992517
15992515
15992512
12634025
12628078
12626663
12626213
12626033
12624707
12624559
12624557
12622459
12618273
12616810
12615656
12615295
12615293
12612147
12610033
12608148
25696194
12602538
12601621
12598849
12597019
12595916
12595863
12590625
12590014
12588771
12587984
12583966
12581326
12574894
12573449
12572625
12569086
12566436
12566371
12566360
12566134
12564661
12564618
12562864
12562847
12560585
12559600
12558610
12558496
12558055
12555384
12553742
12551866
12548313
12548304
12544654
12544298
12542724
12542120
12540621
12539810
12539806
12535744
12535503
12534449
12534098
12533682
12530642
12530556
12523918
12523144
12522946
12518963
12518031
12518020
12516456
12511107
12510391
12510249
12509515
23340925
12505224
12505111
12504832
12503776
12500494
12500414
12499320
12498006
12494408
12494218
12492632
12492452
12490967
12489074
12487392
12487376
12486429
12485966
12481202
12476930
12476929
12475897
12475624
12475377
12473876
12472775
12467938
12467936
12467935
12463111
12461477
12460866
12458825
12456232
12458484
12454431
12453953
12453904
12450890
12450233
12449020
12442884
12442279
12441891
12441889
12441884
12441019
12440352
12440228
12436761
12435220
12431068
12430669
12429170
12429169
12427655
12427649
12427033
12426223
12426220
12426219
12425372
12424425
12423709
12423708
12423532
12423319
12422724
12422650
12420344
12420194
12419479
12419477
12414863
12411950
12410168
12409635
12406041
12403804
12402617
12402178
12398960
12398021
12396164
12395976
12385895
12380634
12379573
12378980
12378047
12375321
12374904
12374614
12371987
12371711
12370217
12370036
12369337
12369128
12368388
12364448
12361061
12360175
12360164
12357127
12356785
12356387
12353340
12351454
12297207
12296610
12296608
12296602
12270867
12270763
12240789
12236939
12236852
12236466
12236319
12235263
12235184
10564543
10555389
10554705
10554702
10551342
10544610
10539855
10539400
10535398
10534470
10532682
10527957
10527956
10525134
10525132
10525131
10525128
10525123
10521476
10521373
10513033
10512503
10510590
10506395
10505301
10503691
10503615
10502452
10499189
10498131
10494489
10494346
10492633
10492329
10490802
10487419
10487500
10487482
10487375
10484771
10484063
10483684
10482132
10480500
10480191
10480187
10479666
10479665
10478273
10477529
10468673
10467626
10466186
10464783
10464335
10463622
10451477
10449691
10447220
10446065
10443691
10443051
10442584
10438259
10436712
10433478
10432417
10432401
10430816
10428991
10428760
10428299
10427619
10427618
10426879
10424250
10423656
10421992
10421230
10421219
10420392
10419995
10419988
10412785
10412759
10412758
10412757
10412739
10412730
10412726
10411862
10411551
10410300
10408006
10408005
10408004
10408002
10407495
10405975
10406588
10404843
10404285
10403511
10402106
10401226
10400166
10395991
10395969
10395630
10395027
10393473
10393333
10393209
10389853
10388479
10386503
10385780
10385633
10385495
10383804
10383605
10381298
10381279
10378706
10377069
10376192
10372308
10372303
10368879
10364083
10364078
10362210
10360636
10358426
10357568
10357840
10357833
10353467
10347696
10347212
10343355
10342342
10341391
10337867
10337856
10337501
10333897
10333656
10331885
10327874
10323782
10321422
10230806
10229669
10229562
10225972
10225716
10218915
10217357
10217372
10215333
10213179
10209008
10208998
10208487
10208479
10206443
10204832
10198932
10197085
10195944
10195942
10195921
10195874
10193729
10193574
10191283
10189075
10102254
10101552
10099964
10099941
10098993
10096172
10095816
10094109
10094105
10093014
10093008
10084746
10082777
10081301
10080827
10077521
10077397
10075324
10075323
10075142
10073990
10073989
7605387
7605377
7734447
7734446
8581419
8530201
7760966
7750187
7749854
7726447
7714078
7702030
7621977
7612280
7609599
7606882
7541706
7708675
7696332
7890651
7888933
9101232
7885290
7884540
7884539
7879744
7877391
7863988
7795118
7788039
7781660
7775859
7749849
7749845
7749838
7605361
7605354
7599914
7863974
7856526
7837889
9022405
7867630
7860759
7751820
7749837
7749836
7749833
7743788
7743787
7704560
7700983
7603797
7857326
7827139
7827123
7772073
7695216
7695173
7899327
7772066
7805879
9225231
9225228
9003696
8907208
8768254
8560901
8535541
8526980
7801861
7758061
7749812
7749804
7739349
7735221
7732693
7724035
7712390
7705011
7596226
7592525
7494938
7841179
7834677
19514133
19496270
19496269
7999000
7998966
7990706
7986064
7982659
7981176
7971012
7963105
7898078
7895421
7888289
7876371
7853721
7786684
7735196
7715475
7979858
7972083
7965195
7947613
7893284
7890014
7889876
7868975
7868973
7868969
7848789
7844889
7804477
7704289
7703599
7697684
7654898
7530175
8001304
7893785
7883290
7866465
7858913
7857385
7818592
7857367
7524202
8053615
8074602
7864934
8084291
8068612
8068610
7955441
7932194
7859242
7849443
7815897
7806971
8068018
8049202
8049186
7964884
7956631
7956628
8042984
8025135
8025132
7971845
8062521
8040256
8018676
8017338
8017303
7981657
7980710
7971478
7964180
7957507
7933456
7517046
8017474
8017473
8017470
8017469
8017467
8199179
8199178
8195716
8195548
8188177
8086743
8077571
8045464
7980695
7980689
7963874
7923256
7826229
8175805
8192170
8182147
8181150
8179337
8172860
8172847
8071603
8062606
8061730
8061137
7924180
7923304
8155719
16843369
8148358
8147342
3377878
3361308
3227870
3132181
3392461
3378876
3359749
3288528
3064596
2968253
3348843
3279969
3279966
3276721
3416860
3383991
3356951
3289645
3286445
3279723
3278952
3265279
3254824
3240293
3233067
3232868
3143302
3142648
3076122
3076118
3069765
3063505
3042201
2978874
2961787
2908300
2906016
2470281
2463824
2456284
2456283
2455708
3316727
3320154
3688012
3313041
3689204
3680510
3674887
3431476
3431018
3323852
2966033
2892915
2824560
3314448
3479114
3121343
3079540
2889552
3675304
3428364
3313616
3113763
3678269
3648095
3497815
3315684
3315677
3303402
3132134
3110017
2897841
3299016
3632753
3622637
3606467
3300252
3038062
3037508
2958204
3595864
3580385
3612782
3582985
3108246
3571245
3604668
3031402
3606710
3606709
3600425
3113392
3035039
2840565
3593458
3107534
3028545
3671249
3545579
3028397
3539206
3537351
3830211
3813977
3620194
3594511
3564379
3557280
3551883
3548734
3469932
3443139
3426573
3032822
2897239
2892624
2889321
2820039
2447439
2447436
3788831
3559389
3033444
3026411
3825162
3773141
3766448
3676232
3464957
3098934
3098691
3778573
3775243
3772519
3020732
2879389
3772909
3768090
3771708
3753548
3737258
3021884
2941420
3809890
3761173
3760708
3760707
3722389
3534801
3522317
3728307
3728306
3524177
3460320
3747267
3734448
3730048
3720917
3720050
3697911
3524586
3519737
3521250
3087152
3955066
3515897
3959903
3716502
3515486
3456612
3947652
3004589
3946457
3511693
3511663
3950062
3080655
3510334
3511523
3804561
3720571
3716382
3714656
3709644
3541510
3518666
3468606
3081013
2939008
2899556
2879464
2423798
4091882
3937534
3911966
3865225
3853581
3002879
4061265
