Gladstone
20824171
18668035
15707483
23405145
18653884
10233944
21771791
22396588
24497846
23333304
22190037
21127252
19789211
18622397
16260625
22512241
16344479
23420847
21982710
19041421
11095717
21467141
21975012
19387490
8078949
6591204
192082
23221552
23966869
21187012
17040131
22802639
20660764
17363903
8990175
20814242
18651794
15693941
23055836
17967058
9811693
20869593
22532929
24434583
23318957
22190034
20952395
19536198
18556670
15964808
22492035
16344478
23415954
21943601
18757836
11032820
20196073
21867745
22959699
8040342
6323533
5009252
22976503
23915718
21278375
16381898
23197822
20615974
15783257
8637874
24711398
20513647
18596956
15489963
22972843
17525796
9616201
18957217
21727907
24367103
23661563
22174317
20959818
19547744
18458063
15657441
22158868
11447277
23364791
21807991
18515909
10866676
17460120
21544206
22479202
2723074
6412234
4905956
23064634
23799973
20660939
24936452
22119741
19997091
15199180
7891680
24509632
20498046
18212126
15167922
22784040
17151031
8914752
9547392
21670743
24366814
23242164
22157004
20708689
19478882
18446155
15632065
21640374
9593771
23319140
21454553
18408709
10727439
12493830
21420852
22238593
2493483
6300187
23686479
22929617
23514781
20494938
24718089
21998730
19956543
12562945
8007964
24565415
20200944
18338032
14519196
22046237
16494741
7500017
9465111
21566134
24360963
23300442
22123866
20531406
19470761
18421374
15353583
21454574
8675636
23114594
21368173
17030820
10629031
9416606
21333525
21488854
3200853
6300188
23569233
21483468
23061897
20502635
24413397
21984949
19703398
12515860
7518831
24321451
20150184
18048501
12540299
21897852
15630469
7697535
24372513
21521790
24197012
23273983
21859460
20526336
19349280
17880717
15143168
21368138
8127890
23066022
21317108
16595853
9789033
24613418
20613723
20864672
2458361
6289314
20616810
20409455
23020263
19858363
24399248
21949375
19668191
11707412
7510714
24268663
20085739
18048352
10781088
21451005
15220412
7697536
24296783
21368574
24068951
23251033
21791612
20510918
19269370
17551511
15056729
21118811
24497546
23063362
20935628
16106050
9366570
24259575
20147549
20418889
3163347
6271808
20060833
19680436
22761559
20148132
24621955
21894191
19112179
11248078
8326014
23985729
20047655
17668051
9419379
21170322
15090833
8226662
24012368
21112560
24009531
23209445
21777475
20471948
19180192
17389874
14729968
20943911
24143176
23062850
20479936
15163627
9392993
23810541
20147543
20081858
3680528
6270194
19604492
19595626
22719826
19393040
24268575
21896782
18375377
10889045
8446585
23862100
19936228
17637833
8524820
21118913
14671091
3437304
23932127
20705612
23932120
22927644
21673141
20441613
19176519
17389396
14739930
19951691
24035620
23043900
20124729
12782674
8943057
23178332
19936569
20011104
3477815
6270675
19497879
17194214
22412940
19175294
24259714
21876760
16859545
10792059
1406677
22984442
19893621
17588266
2847172
21091279
12767994
24093018
23580542
20516196
23891562
22817900
21605386
20946812
19061648
17088384
12773564
19549280
24575365
22927462
19945371
12629214
8692825
22858522
19038213
19734193
3763409
7210661
19481975
12941913
22075116
19047344
24319664
21727125
16504174
10790363
1569208
22743224
19649250
17485678
24499951
20397962
12682150
23597856
23520160
20406903
23749301
22811528
21602791
20144788
19061647
16872538
12242279
19106071
23933835
22682225
19472314
12538880
8666675
22764221
23793227
18262040
18750070
7430351
16166378
11696593
21993624
18937867
24067652
21637830
15010531
10629059
2011582
22096230
19496216
17360323
24637511
20168202
12682149
23371364
23371904
19839055
23746449
22681890
21504829
19912576
19040720
16677414
11689709
18562290
23791484
22560209
19628874
12077311
8675665
22689792
22100159
16849426
2419900
6766672
11058167
10075982
21912589
18728775
23812749
21364991
12665572
10620510
1700273
22052944
19352491
17947979
24421901
20098616
12368352
23024364
23266890
19838168
23719353
22438827
21877290
20041197
18948542
16543219
11687631
18212130
23740690
22524315
19261844
11956242
7738190
22544310
22090026
9636193
3932467
6767236
24586204
24708091
21697099
18583644
23166402
21249204
19451226
9716403
1696723
21526395
19243222
16606834
24367497
19499454
12097565
22986168
23155053
17566101
23471103
22181350
21185072
20003301
18818364
16738550
9811646
17200713
23699531
22460046
19287392
11805129
7878058
22445340
21497514
9323707
2987927
224077
23943740
24416266
21670083
18039394
23760219
21098095
19321702
9679057
2347914
20939063
18984625
16381950
24093809
18949024
11901198
22051244
22871841
12794184
23407553
22252388
21179023
19915592
18805797
16959047
22792368
16670767
23684613
22205519
19049983
11553788
1321843
22284188
20615470
7593602
3965468
221921
23389931
24218637
21445258
17785536
23300777
20856871
18488020
9520412
2858214
21375737
18817533
15939874
23494772
18815234
11000231
21930182
22959962
24565511
23352243
22821457
21145464
19953683
19160513
16859555
22683203
16567625
23516300
21984835
19028692
11160132
21550623
22049415
20436276
7568158
3918303
221905
23260143
24086428
21283775
17672901
22889279
20739754
18268005
9271401
6263950
20152114
17623781
24900427
24335304
21242888
18329615
12805458
8623933
1634604
3132714
6332315
22424230
19228952
10377452
23172916
17210915
23517573
22312127
20675388
17690245
10898795
1548785
23872847
22037470
19889533
6860421
19372455
24177468
21111238
17655755
12525647
8622650
1602559
2826541
6327770
22272874
19204149
10077666
22992950
15923624
24020007
22301920
20634564
17470548
10893255
1942252
23749147
21963089
19838079
6776144
19299462
24204950
21056450
17643313
12456660
8552611
1542686
3116145
6605979
22206005
19122666
9724804
22267199
15588312
23474711
23255218
20670606
17369396
10809664
1942259
23740897
21903079
19491400
23785138
18689502
24089557
20980520
17376917
11714748
7543676
1719236
2887587
6417659
21775587
18931664
9356505
21825130
15343267
23438705
22258251
20363791
16788062
10618429
2352955
23459227
21441583
19279159
23241407
18432192
23593007
20624919
17291161
11222724
7769669
1832173
3037548
6413637
21555069
18559949
9321385
21304516
14585979
23223453
22291164
20351400
16362078
9621009
2684654
23401527
21489994
19074152
23160193
18192022
23097449
20573198
17238285
11152524
7983759
1905815
3104909
6192435
21228179
18463254
8609236
21288905
11238910
23201900
22140357
20227666
15890899
9501169
2915382
23104007
21209075
18454252
22894898
17606926
22315404
20566830
17030807
10970863
7935451
1999493
3031660
6407014
21113149
17082448
7595191
20974940
7962539
23139766
22084242
20203611
15795306
9501205
3336070
23041626
20921410
16511236
22460790
17576803
22291913
20538015
16980629
10933727
8108414
1985205
3031195
6220104
21040845
17080199
7604885
20858598
24318952
23103766
21856199
19917725
15719057
9445075
3312235
22952635
20869586
15738408
22198221
17339406
22205732
20554044
16956949
10733597
8289813
2263603
2432398
6454754
20829454
16698938
7699335
20689071
24296486
23086951
21908771
19696893
15277229
9420271
24551051
22875942
20833817
2546162
22258623
16365320
12533514
22177559
19897482
16606671
10648602
8270859
2687884
3081898
23835471
20581818
15457210
7694279
20692205
24156240
23019416
21873205
19557157
15128440
9407026
24509083
22966490
20685997
2453886
23187627
15096619
11095750
22090109
19008196
16439555
9817747
8246997
2813410
3929255
23525040
20595630
12939405
24843033
20106867
24121500
22672615
21701047
19333382
12682019
9223506
24403142
22451909
20416508
19165155
22055192
15051870
10675351
21989055
19144136
16319923
9742107
8404856
2784507
2989411
23332171
20553961
12881482
24682306
20026598
24074592
22814509
21586315
19193899
12634362
8692823
24375511
22433867
20086007
18088443
21780303
12522266
24626806
21998583
18987154
16135789
9710600
8474155
2494663
2987968
23029293
20053918
11572944
24658141
19727199
23835326
22674009
21109197
18644987
12186850
8605881
24336168
22306738
20071528
2539388
21555919
10831618
24356306
22229121
18945786
15650191
9023367
8430069
3059351
2989408
22869752
19951690
11106573
24207025
19479054
23812097
22372374
21472714
18509061
12032084
7751299
24040509
22341232
19825844
2935560
20966916
9736029
24385908
21878639
18772436
15613320
8970957
1493333
3263468
6092511
22762015
19838821
10623661
23874215
19396158
23768485
22454539
20863707
17923681
11867539
8139041
23841803
22200539
20064390
6313758
20427645
7479982
24356113
21876670
18584030
14722292
8920856
1321284
3051003
6090574
22541439
19328434
10550330
23830865
18378906
23576753
22309199
20798296
17726514
11285236
8344262
23873212
21997368
20026656
6309903
19630789
19695258
18371447
19620969
17715064
19597046
17643447
19578358
17576928
19358334
17468400
19325160
17080192
19217425
16444712
19126861
16357195
19066459
16239150
19084512
19004760
19004786
18852265
18694566
18635823
18427137
23658642
21690310
23524853
21573063
23430692
21497762
23079999
21385766
23085412
21383058
22981692
21330545
22955733
21246655
22770243
21185281
24561253
22723217
21098571
24252873
22522929
21071677
24239284
22589735
20581743
24030021
22570807
20691899
23993230
22424232
20558827
24319660
22371266
20335651
23715551
21855840
20140609
23704215
21841793
19880524
