HepC-Pubmed-Search
23747481
23413991
22869576
23925819
23873583
23291201
24303477
23606708
23271737
23811112
23559487
21987462
23348596
22658798
23848533
23413416
24168257
22812557
23516348
23908010
22951253
22837328
23047118
22112373
22639338
23165461
22869577
22508297
23432541
24012819
22888642
22006408
22941516
23896953
22975763
22891751
22869562
23856779
23946152
22906241
22885330
21145818
23684750
23403428
23281974
23877691
22706796
24125883
23431163
24222938
24265827
22576324
22855387
22664976
22971281
23921995
22392426
22521415
23230035
22095398
23896477
23856771
23931586
22710121
22006008
23899277
23439262
23602817
24195700
24262278
24204123
21488067
23281975
21950642
23859802
23262999
23426922
23877706
23448131
24209977
22626609
22615282
23263000
24135727
23935546
24091115
21809362
23322441
24069953
23070151
23867320
22290978
24079723
22491339
23593993
22476221
23831932
21410862
23726875
22366653
23944720
22180548
23567084
24289735
22884392
22314425
23741428
23129048
22966845
23386076
23375315
23569404
23621117
23525057
24524095
22203605
23328301
23547794
22499490
23653945
20838466
24683375
21828346
21270126
20951424
21903660
23091925
23817323
21060109
24262279
22258426
23326955
24041347
22850513
23231027
22525303
22068541
22239511
22510500
22770811
23453230
24444658
24316262
23504694
22351713
23124842
23504636
22439668
21558488
22538244
23490158
23472246
22412061
24138198
24126682
23533595
22359682
23702639
21837752
21384401
22248659
22471376
23409973
23395789
22568151
21824089
22239501
22784640
23274664
21145848
23262498
24079600
20231781
23437439
23499440
22241977
23607593
22155837
22024816
23274666
23429642
22619063
20861007
23432320
22647717
22427481
21459820
22316207
21576430
21513964
21054664
23607594
23083823
20001560
22768327
23254429
22697413
23524130
20502631
22020822
23454058
23152524
20692693
22863932
20368394
22108148
22212580
21930731
24118703
20176898
23490393
22138301
25165547
22545104
24256012
22910833
21791662
22728274
22810757
22160684
21520195
22310785
22064633
24696624
22239510
21184787
22947524
20622678
21068701
23081753
20373462
21735833
22139994
22714001
24266880
24331294
23177282
22212575
22146226
22280819
22212568
20925584
21141896
23805358
23322006
23621902
19787809
22213147
21837753
21205140
22676877
24127648
22024518
22506634
24295986
24005956
21957306
23307808
22473713
23577194
20118637
24587770
22440916
23973740
20482493
23172264
22166557
21441227
20692449
23435345
19098685
22256805
20699259
22616626
20705106
22096930
24489565
22064535
22848441
20456634
19857995
21925126
22161022
21033671
21965432
21255610
22404721
23251772
22212578
23411358
22212585
22114960
20308381
21418737
23843142
19072827
23669289
22487191
23981392
20198907
21742299
22222799
20445200
21106440
21922353
22535703
21205141
21502634
21696307
19852962
19794229
20609558
19199553
22801423
22824630
21145839
22510353
22021919
24156371
23015700
21284949
21040279
20163376
19573088
23286852
24020238
23683597
22495472
23183526
23177287
20336744
20527890
19275615
21115793
22974882
23519785
22974883
22293533
22203595
24097843
20497249
21435130
24332840
20855037
20633102
20710064
22425564
21374691
21692943
23986582
19841155
24041792
22510096
22807519
20938912
21354234
20683959
22414766
19197796
20071590
21143041
21626527
19444107
20652658
20675691
19104013
23199504
20878151
22397560
22148957
22155901
19725579
21669189
24063896
19388645
19353740
21706943
23396729
19995330
22425702
24184132
21297107
22683722
21837750
20858218
23419109
20721837
21667042
18302285
23142061
21994705
22370225
19320234
19171797
22531024
21152178
23681961
19374199
22402762
21165343
21320556
23348636
20813809
21798747
19897271
22436385
20579888
19933795
21147189
20410884
24091113
19686437
22733076
24154738
22716109
22314934
18591281
23149155
23641933
23492465
21180601
23703578
23562168
23239274
19026009
19852040
11481613
19446909
19236267
22189979
20439144
22789985
19087226
14578911
21063477
23286840
18520685
23111959
21149925
22515132
23575197
24184810
24293133
23434368
19209845
19426125
21276152
19760134
18306373
19166654
22241994
20534861
18193821
23143674
21954459
18828074
18593347
23199503
25013557
18835365
21473060
20430057
9075665
23359516
23987997
22465429
16163639
20445452
18670239
22863764
23944300
23909647
22930497
19628159
22820792
21111742
22515133
22976492
20142333
23144910
12883495
22204909
23943825
23439259
23050508
21879283
22160218
22710907
18986530
18363671
19372703
22212573
17408662
20630078
17467151
9550487
22326470
17484874
21867935
17919490
22212572
21617588
21154154
21860070
23152073
17908950
22954720
23578883
20712521
18828153
21699793
17938129
11050060
7878712
19347304
17371824
19894743
7474459
12646587
20202840
11083658
10933615
22076489
10395889
10337943
23853348
15386268
20710058
15388457
19747948
18725224
18637752
23013459
16362890
23010622
24460304
22298888
16425392
20193053
21416243
10782917
19458074
16622844
18755220
20302300
22849960
17630563
24091111
18508382
23973733
24076358
19068241
22633764
16530526
19740508
20881958
15732092
11941553
8607162
20347502
18678486
22234543
17881539
14728113
24280292
21087349
17393519
19402666
17654603
18662898
18854330
16265606
24063902
15710227
16274834
17004721
17335674
23183528
15505982
16123681
18248298
16408072
23850759
22863028
16787300
19235829
18039921
17106926
12485529
19681945
22938494
18578556
15729469
19196021
19578245
18079286
21618566
21774796
17328231
9863871
12102252
8591865
11165122
19104402
10632283
19649931
12614468
11474317
17940994
21381345
21900715
15651754
21294867
16495249
10702283
16008349
16923518
16759054
22858143
12805457
23199510
22954756
12206880
23359491
23432684
21780908
18248300
22189152
12746779
17600343
15655055
22125049
12712858
14747571
18553458
16557546
21449783
20386071
19209261
15521004
20945948
17938182
15770410
22060554
21944566
22178556
12445427
9241719
22212584
19794310
19225696
19918064
16312175
20554079
23628963
23763943
20870946
11886579
17302246
23254151
22440918
21960894
19915446
18722116
14509528
17629590
22611092
12825876
21339346
21293096
22188641
15644002
16699498
18190462
7947296
15139979
21388714
21452417
15651749
11882043
18299666
11807688
19838130
23344266
20945949
18049111
21449784
21782454
22967099
11451188
17175350
23792026
22155905
21241463
22678005
18609142
18570306
24120953
19649930
8881454
23607322
11057884
12030950
23478952
12702807
17002221
22419002
11136165
15274685
12027551
9447287
17630550
17101674
14688060
20168200
16970595
18161844
23207810
11509885
21880398
20404795
23872239
17697016
21482501
17105512
15233814
17714021
10431024
15268625
15245784
20116627
15588093
17408646
11113086
22301411
23426789
17005803
15304245
17553880
22555152
19866544
20642436
23613775
21199653
6204454
15865084
11497352
22457865
17635518
23461440
23146536
16557551
16011596
18651856
18332167
17349453
16731953
23726584
19395595
19596195
10841940
22024525
18452978
20309643
23816716
23924796
20497251
22799589
12858407
19727899
22866919
23578729
19502663
12823599
21104973
23186317
11832451
19782079
23621629
17289677
18213401
20798484
11012696
24098309
12192066
18610555
16152757
19493593
23207414
15818150
20836760
17002222
17879366
15663787
18797412
16127955
15944944
12055678
19637991
20801782
21839237
10745229
15346252
16180993
11041854
18676535
23031791
22959357
17302247
16381241
17252625
22645635
15776414
20506054
22759736
15482334
17580178
19628160
20345884
16025665
12829987
16420042
19186350
15743173
7657292
19577120
17005827
18675098
20832541
15358166
22046060
15307035
12542005
14586897
3922727
9563413
21985599
9882374
11438916
16479515
16014945
15542633
12937158
21057160
21094805
19936007
20946021
21168629
17376867
15027850
8154030
18854656
22558263
22461979
16750511
14523276
15825250
21253306
17473502
12703404
10585507
19403903
19403902
21145235
20237086
11206478
16799963
16018804
21445921
21177810
16448708
22283115
11153671
10440408
14624743
15577540
19434874
15812228
16729319
19048198
16945431
20452889
19186349
19246124
20483386
18469546
17589909
17686217
15040545
17413709
12431963
22046771
12185961
1450325
19207968
20098285
19715907
20402648
15470277
16182761
20494888
19260077
12916012
22414275
21140356
9769871
20458598
12902801
18172937
17192906
14991139
21272161
15049336
21187364
15237382
19100502
17686854
10202827
16638877
16989605
12196657
10546703
10093594
16250635
18405244
18983478
19788693
7740291
17196931
19481946
20464346
17268929
17567477
15569170
14750936
15190019
12853200
16905788
15338954
10947487
17112875
15035265
17720661
18161842
19620337
18221819
12456235
15502722
15118935
21239793
11366250
11062791
17387572
17286778
15878262
15544693
10997508
17326207
18795963
17486461
19519358
8482853
20116617
10605461
2440745
19444074
18783442
17668364
11366020
11366839
16236113
17503665
16798622
17400559
16530290
19780760
16631422
7878711
18657132
9873801
19144678
10824944
16006723
11754194
16361040
16181135
18095239
11374701
16562361
9555158
15686696
7600466
16043937
17877729
12775982
15327410
19918107
18422837
17397761
18753860
18197125
18954982
17554711
17645499
8692169
18433034
15579065
19497072
8031674
18835257
11772251
19357395
18668653
11366735
11151895
18765149
18853041
19072372
16103768
9415572
16445277
10347109
17173067
18376233
15925431
9873760
15315013
18089418
16967041
16980069
12372236
15125867
17380286
11495500
16293677
10228002
15807713
16649432
10597772
18298584
16983964
7796372
15329531
17503758
14720455
11860730
16689658
10730521
18032466
10421661
12472954
11825335
11124844
15602122
18236391
18023106
16733849
17049181
15488656
12740798
18020544
15915488
15168375
10878288
15476489
12192308
11012692
16044577
8713776
16003134
14751259
16866614
14751839
11290556
17452891
12354357
17392659
16096000
9708981
16872241
11260273
17393518
17562805
16634069
16426311
17889153
12379286
16255296
9873845
11438504
16239964
8456324
