(("1900/1/1"[Date - Publication] : "2013/07/01"[Date - Publication])) AND antibody melanoma
23094782
23090901
23090080
23090079
23082737
23077404
23077247
23076642
23075686
23072594
23071764
23068611
23065444
23064375
23064212
23062649
23060594
23060541
23057750
23056350
23055778
23053885
23047236
23047161
23046024
23045571
23043499
23043025
23042534
23041829
23039186
23037483
23033309
23031830
23029050
23026937
23026880
23026046
23024154
23023583
23020081
23012488
23010398
23008334
23006327
22987943
22995029
22992515
22992252
22991232
22981501
22978759
22978632
22976830
22973045
22972494
22956035
22952058
22949299
22947000
22945357
22943872
22936677
22936666
22934889
22930819
22928479
22918929
22918925
22918923
22915761
22915161
22915053
22905195
22904678
22904648
22900855
22899945
22899289
22895835
22894885
22894884
22893632
22892845
22892369
22890732
22889847
22886382
22879538
22871663
22871260
22869553
22864522
22863609
22863361
22858559
22856597
22851173
22850419
22849352
22847719
22846904
22846442
22844202
22843641
22842979
22834951
22834783
22822590
22822589
22820551
22820413
22816490
22812022
22805148
22804241
22800555
22800526
22794823
22791177
22788688
22784677
22778766
22778760
22777646
22773575
22772464
22771558
22768350
22768181
22762064
22758905
22754760
22752507
22751559
22748259
22745924
22745368
22737606
22736149
22735940
22735904
22735804
22735380
22735122
22734806
22733225
22732950
22727601
22722449
22719881
22714791
22713795
22712026
22709738
22702483
22702482
22701144
22699866
22697295
22694829
22690756
22690483
22688676
22685558
22678096
22677983
22674435
22669717
22668577
22666269
22658128
22658127
22652330
22652151
22649773
22648297
22647378
22642330
22640478
22632270
22627943
22623119
22622238
22621637
22614989
22614944
22614697
22614208
22613716
22609995
22609631
22595948
22595192
22590529
22590509
22589389
22586796
22584081
22578288
20429625
20421152
20420177
20415670
20395199
20386469
20385998
20379286
20375924
20375921
20375744
20375277
20373269
20368692
20363224
20357818
20354182
20350629
20349059
20334952
20309546
20307599
20230195
20227569
20224761
20224467
20221597
20217569
20216240
20209608
20205624
20204272
20194720
20194714
20181628
20181627
20179681
20179386
20161613
20160101
20158392
20154208
20152761
20150263
20149899
20147741
20143437
20143434
20142553
20142539
20141543
20132920
20128926
20128876
20126537
20126475
20124460
20118237
20112502
20108890
20108344
20103648
20098296
20097178
20095041
20093988
20093728
20091086
20089875
20086001
20082117
20075788
20074271
20068221
20066177
20061401
20054688
20052966
20048082
20046577
20042890
23087817
22736604
22069553
21597563
20039300
20037595
20036643
20031203
20029030
20020498
20019096
20016540
20015976
20008709
20008303
20008292
20004617
19996212
19967160
19961525
19952852
19951433
19951075
19949065
22760065
19934317
19934295
19908331
19882365
19903858
19903852
19903777
19898426
19896805
19895243
19893037
19892878
19891911
19890834
19888514
19885369
19884326
19882292
19880049
19862658
19861278
19846924
19846275
19843856
19836642
19826052
19818222
19810100
19808958
19808874
19806327
19801670
19801515
19799997
19798049
19796635
19796467
19795944
19795464
19793711
19789309
19788056
19785608
19779716
19769743
19769742
19769741
19769739
19764822
19763891
19752754
19752747
19752746
19752745
19752437
19748188
19747926
19738067
19738066
19737959
19737958
19734845
19734121
19732252
19728704
19724264
19723883
19722741
19722020
19718013
19717647
19714869
19714628
19712689
19704071
19695274
19690617
19687027
19683430
19679015
19678938
19671877
19667333
19667332
19667089
19661223
19660589
19656871
19654875
19652028
19651643
19650371
19648604
19640287
17081051
17080018
17066423
17065489
17063124
17053850
17051341
17050378
17049969
17047060
17043807
17041104
17035346
17033169
17033167
17027091
17024233
17020991
17013562
17013534
17013086
17013085
17000687
17000682
16999866
16999820
16998795
16984998
16982774
16974112
16967280
16965335
16965268
16964387
16964374
16953631
16951353
16949935
16946713
16946711
16944566
16942487
16942445
16938667
16937114
16935804
16929176
16926631
16924242
16918340
16912183
16903259
16896968
16888406
16885841
16885827
16885375
16884670
16882943
16880616
16878978
16867862
16864006
16858684
16849577
16845331
16844561
16837903
16837111
16832518
16829852
16822608
16821603
16819660
16818778
16818710
16818691
16818644
16818506
16810540
16806422
16804906
16800041
16799341
16799340
16799335
16793914
16790087
16785526
16785312
16784991
16783343
16778219
16778114
16771862
16767900
16762733
16761617
16760579
16758900
16755333
16730265
16720928
16718472
16718269
16713448
16710719
16710025
16709800
16708388
16707621
16706632
16699366
16691505
16688670
16685268
16684666
16682408
16681591
16670313
16651624
16651447
16638862
16638848
16638222
16636810
16636571
16626110
16623710
16620968
16619809
16618772
16618771
16618770
16618733
16617160
16616155
16615117
16615096
16612638
16611405
16609058
16609054
16609044
16609006
16603638
16598465
16596236
16594646
16585547
16581653
16575207
16574856
16570283
16568495
16567971
16567969
16567967
16565324
16551866
16551859
16551058
16531326
16530895
16522748
16519562
16518857
16517973
16510950
16510600
16508630
16508439
16507218
16506207
16505286
16504934
16504122
16492564
16490844
16489096
16489041
16483188
16482562
16481646
16481638
16481377
16480425
16476329
16474902
16470809
16468652
16467087
16465434
16464564
16456815
16455628
16454657
16452225
16452176
16446716
12670923
12670921
12669243
12669234
12664607
12657724
12653847
12653733
12653580
12652189
12649746
12649743
12649189
12645583
12640075
12626761
12626574
12622785
12618909
12615713
12610520
12610364
12610355
12606824
12601523
12601173
12601018
12598911
12594251
12591966
12585714
12578841
12574370
12574233
12573352
12573110
12572952
12569560
12567765
12565967
12560234
12559325
12555663
12553374
12547706
12545205
12538477
12538455
12534800
12531900
12531363
12529960
12525524
12517769
12514432
12499277
12496470
12494997
12494904
12494474
12491520
12490317
12487551
12485936
12485453
12481437
12481020
12481009
12478006
12474053
12472287
12471624
12471616
12470474
12470219
12470134
12459649
12459643
12459641
12454517
12450197
12445288
12445286
12445283
12444803
12442914
12441353
12438452
12432548
12414645
12407512
12407511
12407510
12406332
12400991
12398895
12397434
12397091
12395373
12394191
12394183
12392507
12384807
12384558
12382523
12381184
12380685
12380059
12378152
12376466
12375337
12373144
12373143
12370411
12370373
12359762
12358815
12357321
12354527
12353237
12324791
12296474
12244204
12241546
12239629
12237881
12234250
12230496
12230493
12227952
12227276
12226740
12225794
12218163
12218113
12218055
12216073
12213288
12213094
12209757
12208768
12208106
12205045
12203122
12202905
12198771
12192536
12192302
12191516
12191505
12187481
12183361
12177778
12177445
12175686
12175610
12171902
12170440
12170187
12170182
12170179
12167988
12162702
12149297
12149187
12147629
12147624
12147581
12142752
12142609
12142560
12141397
12140378
12139639
12135468
12135466
12133269
12126147
12116372
12115588
12115586
12115481
12115478
12113109
12112321
12110680
12107097
12106974
12102204
12097420
12096926
12095824
12093904
12093890
12091876
12088418
12086864
12080186
12079213
12074208
10382738
10383696
10381529
10381526
10381513
10380932
10380127
10380042
10375594
10374675
10373644
10365093
10365660
10363998
10363989
10363982
10363586
10361685
10361224
10360796
10357561
10357234
10357215
10356256
10354072
10352916
10338335
10338333
10338332
10336989
10333228
10333221
10330280
10323448
10320710
10318823
10233766
10233668
10232613
10232604
10232603
10229661
10229204
10228810
10228040
10225447
10224504
10223732
10222421
10218671
10218670
10218669
10215194
10213506
10213230
10212588
10211122
10211797
10209966
10209071
10207246
10203062
10202112
10197235
10197164
10196354
10196316
10188730
10188729
10099844
10098731
10096358
10096249
10096573
10096570
10096568
10093036
10092816
10090402
10087444
10082128
10082396
10077167
10077623
10076571
10072501
10068774
10066946
10066094
10048982
10048393
10037198
10030417
10029083
10027390
10026923
9990075
9990069
9989797
9973443
9950608
9949905
9935244
9935237
9935194
9935179
9935162
9935077
9929168
9928550
9925280
9922038
9921754
9920419
9918409
9918408
9918205
9916693
9890710
9888702
9888698
9886487
9881377
9879499
9875140
9875672
9873990
9872567
9870851
9870667
9870550
9870148
9869300
9865678
9863030
9862344
9862627
9857015
9856821
9856813
9856799
9855537
9855112
9852246
9849459
9849403
9848068
9845539
9844040
9839518
9837965
9837898
9835451
9833394
9831107
9829745
9828818
9828785
9824048
9823473
9821865
9820526
9820172
9819796
9815586
9813669
9809746
9807737
9805360
9804820
9802350
9799344
9798412
9797138
9796996
9796966
9796963
9793400
9792245
9792148
9789200
9790070
9789055
9788220
9781952
9777392
9775246
9774784
9773250
9770434
9766527
9767245
9767232
9765022
9764850
9764809
9762936
9759874
9759585
9756417
8751005
8598336
8581388
8562498
8549679
8541725
8541724
8541723
8541720
7589064
7570321
7545462
7489569
8548924
7664291
7558412
7545166
7665237
8833947
8693482
8585604
8578645
8546993
8546839
7641420
7641419
7591461
7556565
7556058
7545129
7490315
7488605
7667256
7627967
7627964
7627949
7544014
7485986
8600797
8576538
8574471
8529408
8528947
7675649
7656275
7642699
7637323
7636534
7636317
7636196
7632062
7629507
7614474
7611539
7593323
7560451
7547786
7543632
7496160
7496156
7543078
7615548
7622289
7608143
7601571
7604028
21552811
9816036
8630861
8578473
8530159
7796403
7769688
7669636
7628538
7615988
7615970
7615962
7606887
7599038
7598604
7597151
7593253
7578370
7578358
7557908
7552087
7544563
7543052
7622303
7782333
7773935
7587740
7599163
8885132
8599430
8525291
7779718
7769258
7757987
7757986
7757970
7752341
7743490
7671626
7662564
7642226
7627996
7621259
7596635
7590824
7582904
7567790
7567789
7548411
7545685
7541891
7479356
7672007
7759164
7538980
7538977
7743521
7743515
7743509
7730620
7753561
8583966
7774619
7772478
7762336
7745429
7738650
7645983
7645976
7645938
7641750
7615019
7612864
7607901
7607013
7600567
7600565
7600558
7542618
7542582
7537755
7536122
7482405
7733948
7537224
7712465
7727517
7740540
8532406
7882369
7748745
7726138
7721938
7716716
7698991
7639018
7627808
7620345
7613643
7613641
7597418
7590776
7560343
7539783
7536021
7535333
7534784
7533665
7708765
7708728
7623782
7698323
7890749
7695618
7896442
7889479
9384664
7891981
7887787
7887661
7887447
7867078
7763004
7728776
7728774
7648307
7549602
7542669
7533515
7852370
7531696
7864864
7836764
7774671
1532183
1531956
1419120
1341242
1538421
1371549
1372439
1372188
1371713
1347707
1544715
1544709
1339263
1739916
1585837
1580557
1561808
1545143
1535986
1371877
1371433
1371092
1347555
1311225
1321963
1741398
1737345
1540656
1540151
1740353
1739617
1733408
1732041
1594490
1552165
1537333
1531189
1731316
1728409
1728408
1728407
1539903
1309225
1544579
1735731
1734943
1730766
1730745
1729312
1728635
1627258
1618232
1611624
1608593
1608588
1596937
1591223
1576321
1576319
1563014
1549900
1543551
1540979
1540975
1531124
1530947
1506459
1505770
1504930
1498381
1467601
1428406
1422196
1422187
1409415
1409413
1409412
1403355
1394334
1386286
1382491
1380230
1374917
1371392
1370233
1370192
1367818
1363460
1348919
1343707
1326835
1306361
1304681
1300752
1300751
1283443
1761530
1742741
1721641
1768370
1959994
1835714
1720426
1955483
1955469
1934623
1933892
1842173
1822242
1820092
1810468
1778768
1778766
1774353
1768372
1756719
1748549
1726818
1725731
1725245
1723081
1720920
1720807
1933867
1937964
1946371
1933861
1833411
1805941
1753702
1726112
1688067
1680932
1664156
1834645
1917164
1917148
1924386
1833053
1716523
1913644
1932077
1960218
1931049
1832641
1804988
1790140
1762354
1761783
1761781
1757109
1755984
1751784
1724247
1722228
1718648
1684510
1655465
1917144
1917133
1716515
1680399
1715924
1653364
1890311
1716513
1680022
1654202
1651806
1870150
1959842
1945000
1917793
1916699
1914279
1879472
1831465
1768367
1753671
1722044
1719365
1718237
1855181
1908461
1678311
2065275
1939785
1939784
1931440
1861072
1861071
1841713
1813244
1757067
1719049
1713760
1712824
1712819
1860731
2070796
3046739
2851058
2466600
2459952
3263121
3139454
3261803
3262091
3139751
2457424
3261802
3261800
3415443
3411143
3409228
3409213
3378376
3263596
3226725
3180943
3179182
3170644
3170642
3073013
3048028
3044572
3042212
2973655
2842042
2458662
2458363
2458171
2457504
3403066
3135332
3260628
3393677
3390837
3390828
3262365
3260930
3244169
3195325
3173914
3172484
3141332
3137233
3135316
3135310
3053811
3041850
2842346
2459048
2456979
2456432
3383196
3260254
3292843
3132319
3129225
3052245
2467286
2456020
2455446
3259674
3370642
3365669
3259469
3259468
2967105
2836052
2838321
3408088
3397410
3384949
3377660
3375252
3373313
3373261
3261691
3137199
3131770
3131764
3045221
3042264
3042263
2967247
2456315
2454933
2453881
3259265
3261603
2452012
2834372
3396796
3356014
3283252
3258541
3258540
3163273
2835935
2451561
3368969
3285554
3258589
3128489
2964894
3346909
3370893
3360854
3349464
3293849
3291769
3291766
3280698
3280697
3280598
3243979
3129542
3127479
2450893
3342366
3126240
3125963
2830969
2830005
2450069
3383941
3379105
3348910
3346743
3343615
3342407
3162540
3126230
2963689
2837375
3354062
2966638
3338074
3278923
3276385
3257413
2448252
2448027
3339003
3422487
3422478
3356754
3341763
3339262
3338492
3335025
3275499
3177827
3123559
2961439
2828480
2828087
2449069
3257303
3276205
2961705
3412750
3409834
3402506
3390350
3383617
3373807
3368501
3368493
3368488
3358294
3335926
3334743
3293779
3289568
3287104
3277660
3276209
3272821
3269251
3267303
3265967
3264870
3263208
3263200
3263197
3260822
3260134
3258290
3254873
3237611
3231129
3220044
3214497
3213287
3163423
3163398
3148919
6713399
6609369
6585973
6477355
6477352
6376131
6332614
6205624
6204903
6204902
6202138
6201643
6715409
6608506
6376559
6376558
6369992
6365305
6323641
6201140
6200506
6200214
6199423
6144202
6370274
6365802
6202022
6538515
6699726
6692408
6373555
6370143
6366074
6364821
6362860
6233213
6693198
6610781
6607912
6582312
6362854
6198973
6198899
6198103
6363308
6736102
6730415
6690042
6610891
6607111
6606651
6582306
6582305
6582304
6569827
6568876
6567479
6563946
6544629
6542067
6538482
6521796
6477065
6472516
6431198
6400468
6400036
6400033
6396196
6395316
6388741
6383601
6365440
6364219
6333270
6329988
6324376
6322938
6321859
6317170
6239688
6237618
6228292
6209187
6207122
6206161
6205999
6205909
6203018
6200086
6197458
6145248
6097134
6090307
6088033
6085749
6085705
6085434
6084957
6419591
6606628
6197381
6656779
6656776
6608725
6357991
6198345
6196421
6196380
6196109
6687105
6616481
6415174
6367540
6357812
6355663
6355188
6354910
6316331
6633406
6578372
6414503
6225822
6225802
6196485
6194758
6352816
6886437
6349783
6684952
6871879
6684128
6577434
6577218
6368013
6311599
6193912
6193515
6193238
6193195
6882003
6876798
6874279
6870377
6861123
6628908
6614928
6576184
6412634
6350388
6348780
6344987
6309097
6134683
6870307
6864164
6857516
6850625
6603978
6602860
6576727
6575208
6353118
6345714
6306349
6223071
6190955
6870887
6406607
6302845
6343885
6574511
6343513
6342758
6306914
6195491
6190849
6190035
6132631
6682760
6852975
6852973
6843660
6880177
6876435
6865941
6831459
6339629
6300247
6299540
6682377
6888965
6410683
6352996
6326419
6224319
6872347
6833383
6822741
6600484
4376515
4858406
4846414
4603012
4602060
4419473
4419401
4419331
4418183
4211029
4136249
4546390
4617707
4617706
4599426
4841350
4841349
4834133
4603086
4439501
4135337
4134298
4365941
4831432
4545096
4364729
4599330
4546321
4132265
4857031
4274502
4133396
4133202
4131002
4813702
4812256
4615541
4591169
4545258
4450923
4415135
4593142
4820944
4811833
4809458
4612607
4598354
4597749
4590009
4588548
4588545
4548512
4529204
4471024
4364858
4358536
4275505
4214759
4208174
4133272
4356746
4802043
4599321
4595321
4595320
4591789
4205845
4205125
4202157
4130586
4130056
4804311
4746912
4589246
4361687
4361685
4357758
4751563
4801122
4792348
4795511
4518299
4269702
4727396
4577921
4804278
4804274
4722915
4613372
4581078
4579499
4133034
4741011
4790710
4364270
4803701
4724610
4720886
4579635
4146888
4123794
4725442
4713784
4712926
4577071
4121601
4598552
4151582
4634085
4123931
4790696
4790694
4710038
4576042
4347719
4705738
4574770
4120196
4790830
4762704
4700691
4683045
4602210
4602170
4591687
4574391
4207800
4128622
4659050
4643883
4633407
4565819
4119105
4630685
4568087
4343973
4117015
4507731
5078433
4627787
4630549
4539614
5069613
4560726
4114636
4122451
4555924
4402394
4115292
5066473
5047142
4338950
4266210
4624775
4623203
4559237
4552592
4339413
5015915
4554232
4563684
4675197
4665089
4641686
4601070
4598040
4587663
4567634
4566479
4565658
4563804
4363284
4119337
4109664
4946074
4942740
4947152
5168456
5166497
5125674
4942024
5145318
4938449
4335921
4943925
4332366
4949557
5284416
4933175
5143484
4941264
4945666
4331089
4930209
5283370
5003364
4995918
4111987
4101590
4927902
