(("1900/1/1"[Date - Publication] : "2013/07/01"[Date - Publication])) AND antibody melanoma 
24455677
24349559
24312821
24312807
24284225
24278787
24260410
24246991
24183217
24167550
24155891
24133582
24107912
24105749
24098694
24090901
24086580
24086281
24073371
24068998
24058588
24051549
24023743
24015299
24001415
23983823
23977342
23976959
23964349
23946779
23941917
23936334
23923079
23919101
23917061
23898270
23894724
23885325
23881522
23874106
23861977
23847381
23847357
23847336
23840879
23835997
23833564
23826227
23814854
23814163
23811402
23811319
23808764
23806821
23806499
23804078
23802768
23800851
23799414
23795355
23792568
23792444
23792174
23787916
23785471
23784694
23775956
23774827
23773743
23772560
23770010
23769982
23768240
23762809
23760257
23752732
23752227
23752103
23751410
23743568
23741070
23738073
23735730
23734322
23733772
23731854
23728343
23725878
23724867
23724866
23724846
23722548
23717798
23716015
23715572
23715077
23714558
23714523
23713627
23711708
23709751
23709210
23696816
23692905
23690483
23690418
23687494
23685409
23681603
23680437
23679337
23677693
23676465
23673501
23667612
23667165
23666915
23666534
23665200
23663506
25184258
23661241
23661160
23656699
23652314
23651195
23651150
23648379
23643172
23642286
23641913
23640047
23634660
23634303
23634292
23634283
23629809
23629443
23629426
23626745
23626629
23625515
23620404
23616260
23615842
23615135
23608447
23608443
23607756
23606697
23604128
23603859
23603858
23599687
23593420
23591982
23590420
23590367
23588666
23583336
23579220
23576166
23571855
23570341
23569358
23564769
23560068
23559884
23557419
23557194
23555026
23554410
23552725
23552524
23550685
23548648
23547098
23546044
23522708
23541015
23536636
23535073
23534082
23534080
23531212
23526476
23524978
23524483
23522389
23521917
23512270
23511560
23507056
23504304
23502769
23499895
23497384
23487828
23486609
23485394
21659402
21658326
21657839
21656158
21656113
21656102
21654685
21654521
21654344
21651721
21649738
21647330
21642354
21639810
21638088
21632230
21629286
21623867
21618136
21616914
21615609
21611200
21610456
21605971
21605089
21604070
21597391
21593445
21593344
21593193
21591821
21586505
21576932
21573118
21566669
21559411
21559358
21558415
21558401
21554094
21554088
21554048
21553146
21551417
21545320
21544800
21538347
21531040
21528671
21527587
21525398
21524313
21523733
21521711
21518728
21515855
21514665
21506644
21505415
21505108
21493591
21492256
21482699
21482159
21467163
21466784
21466663
21465316
21465187
21464590
21462302
21455572
21455210
21455150
21447719
21447379
21445839
21441454
21439018
21438962
21433411
21431898
21429739
21429618
21428850
21423208
21416774
21413003
21411639
21411292
21410879
21402711
21400035
21393247
21390236
21390184
21389874
21389099
21375556
21372855
21371445
21370512
21369647
21368459
21357649
21355777
21349367
21345488
21338489
21336089
21333391
21331745
21330669
21324755
21323102
21317818
21308804
21300821
21300445
21294474
21294473
21294472
21294471
21292811
21282973
21282517
21282337
21279519
21277107
21268068
21267999
21267719
21264545
21263244
21254282
21248750
21248148
21247369
21246638
21245693
21245091
21242854
21242416
21241513
21241067
21238827
21236563
21235437
21232756
21225052
21224857
21222266
21220625
21220617
21220330
21220127
21212415
21211023
21204754
21196209
21195710
21195422
21193120
21193119
24212784
23885189
21192262
21179030
21178583
21177412
21177318
21176167
21173239
21170961
21170646
21170379
21168817
21166932
21165950
21164368
21159638
21159637
21159176
21150715
21146919
21140224
21129496
21123801
21121842
21111964
21111961
21111960
21110776
21106722
21105125
21103644
21103628
21092273
21090563
21088057
18382856
18381456
18379589
18379050
18377306
18375359
18374854
18360113
18351578
18351335
18347454
18347143
18344240
18337650
18337643
18335655
18334748
18334033
18333896
18332332
18331332
18329974
18328422
18328103
18327914
18321236
18320024
18318577
18316624
18316573
18316567
18315603
18314130
18313522
18311489
18310066
18299892
18299693
18297464
18296654
18295790
18287062
18285705
18282657
18279798
18277093
18259610
18256405
18256187
18251743
18250415
18249038
18246051
18246031
18245524
18245522
18241678
18237255
18236207
18235964
18235114
18235009
18234994
18234992
18234991
18234961
18234239
18231639
18228523
18227708
18226856
18223323
18219339
18214476
18209168
18205182
18204432
18202660
18202224
18201235
18200633
18199340
18198818
18187184
18185912
18178804
18174877
18174239
18173426
18172279
18172278
18172275
18171383
18166243
21437135
21356707
18162997
18162185
18157673
18097956
18092513
18091385
18091323
18083370
18078823
18075866
18072086
18071911
18067210
18060403
18059235
18057182
18056457
18056166
18049334
18042290
18037622
18033687
18027152
18025475
18025241
18007072
18000991
17998900
17996669
17991747
17982122
17981144
17979992
17979944
17979602
17975137
17973862
17973544
17970093
17960619
17959303
17959194
17954911
17951198
17944730
17943553
17943188
17942910
17932815
17931884
17927907
17927572
17927027
17914498
17913245
17912425
17912026
17911456
17911445
17906988
17898868
17898045
17893569
17893560
17892942
17891338
17891015
17885584
17885583
17878392
17875750
17875731
17870669
17870068
17849266
17846508
17828491
17827069
17823640
17786470
17764889
19543441
17726460
17726260
17721277
17715884
17713283
17709989
17707782
17706463
17706452
17696822
17703297
17700033
17699794
17699103
17697542
17695529
17689555
17685394
17680564
17675942
17673618
17673617
15371950
15370117
15368298
15367355
15365368
15364059
15361259
15361064
15355897
15350041
15335320
15333663
15316281
15314544
15313929
15313120
15312676
15312342
15305376
15302575
15300212
15297212
15296677
15289889
15289358
15289357
15289346
15280447
15277580
15271348
15270886
15270871
15269144
15265913
15265880
15262312
15256470
15256450
15252841
15252201
15250044
15247295
15247285
15246627
15242249
15239138
15236262
15235918
15235388
15234453
15233017
15217967
15217950
15214051
15214049
15205685
15205352
15205239
15205206
15197494
15187325
15179190
15177278
15175044
15174097
15173017
15173015
15173002
15172853
15171777
15171619
15170557
15166506
15166498
15163236
15162524
15162424
15161073
15155089
15150593
15146562
15142679
15141316
15139967
15125569
15124022
15120254
15107545
15107539
15105900
15105646
15105446
15102697
15096515
15095296
15095285
15091194
15091191
15090871
15090064
15086557
15086240
15080734
15068853
15064819
15063579
15062290
15059909
15056043
15054877
15054471
15053862
15051893
15047693
15046397
15044963
15041411
15039211
15034476
15034078
15030335
15027488
15026813
15026364
15026362
15024190
15022725
15016307
15012059
15010828
15009731
15009727
15008870
15004505
15003249
15001993
15001266
14999780
14996751
14991570
14990970
14989490
14984582
14984058
14978137
14978085
14977816
14970905
14871849
14871815
14871802
14770441
14770084
14767547
14766298
14764062
14760865
14757219
14760074
14759987
14746853
14746435
14745721
14745515
14744490
14744083
14739297
14735692
14732666
14729618
14729600
14726694
14726404
14717848
14716145
14715428
14713370
14713106
14711364
14710950
14707275
14706854
14703062
14701678
14698308
14696119
14696099
14695757
14695333
14695161
14695143
14691146
14688802
14685900
14683594
14675286
14672560
14672505
14667142
14666720
11170847
11170298
11169951
11169510
11169508
11168803
11163859
11163401
11161986
11160000
11158814
11157852
10752477
11156253
11156217
11155751
11154535
11151407
11150901
11149910
11146440
11145253
11145251
11137269
11134275
11131659
11129285
11128027
11127926
11127738
11125310
11123445
11123321
11123280
11122136
11121215
11119258
11118618
11113568
11105949
11103803
11096442
11095975
11095072
11092052
11092050
11092043
11092038
11092033
11092032
11090974
11085528
11076803
11074658
11069717
11069302
11064828
11062726
11062439
11059782
11059638
11056001
11048487
11041376
11039895
11035078
11034096
11031966
11031360
11023198
11023194
11023094
11021598
11018544
11016659
11007933
11005614
11005568
11004679
11002761
11001546
11001503
10998156
10996628
10987508
10987309
10986562
10985669
10985667
10985666
10985665
10981878
10980134
10971318
10969798
10967903
10966567
10964344
10961450
10959546
10958353
10958054
10952412
10951267
10951248
10951242
10951228
10950141
10946322
10946083
10945621
10945497
10942395
10941908
10933606
10928135
10928105
10925366
10925359
10918279
10917210
10917168
10917162
10916753
10923004
10918514
10922073
10915164
10910072
10904869
10903996
10901964
10901371
10892885
10892838
10890739
10890383
10890379
10890375
10885403
10884427
10881694
10881692
10881691
10878395
10878343
10874498
10873988
10871068
10870051
10861447
10855466
10854538
10852128
10851072
10850386
10850338
10850304
10847549
10841521
10838667
10838666
10838664
10838660
10834272
10834032
10825144
10824327
10823140
10816669
10815925
10815882
10811009
10809752
10808130
10805221
10802053
10797302
10797297
10791855
10786815
10782888
10782467
10781081
10778968
10778963
10772543
10770642
10767787
10757129
10757116
10749136
10748143
10745167
10745033
10744047
10742919
10742152
10742135
10741710
