Ipilimumab-Pubmed-Search
23512270
23047236
23535954
23439861
23444228
23357570
23833564
23408334
23211620
23400564
23262440
23299197
23341990
23057750
22858559
23634292
23438382
22849352
23090080
23020081
23265575
23487828
22788688
22506716
22702482
22547592
23181437
22146893
22822590
22694829
22530681
21821307
23043499
22231551
22271879
22640478
22326922
23211837
23460165
22894884
24051549
22326924
21930211
21336089
22423263
22614989
22196270
22130166
22130164
24596511
22138079
22123319
22614208
22516968
20593249
22878899
23521917
21833591
22382362
21900389
23687494
22030452
22503629
22500861
22677983
22495490
22456429
23060594
21639810
20082117
23049279
24278787
22727601
22788125
21807763
21505108
22459539
21810572
22346364
21933959
22180676
23024154
21170646
21204754
21668044
23037483
24383025
23738073
23554566
22044200
21090563
21074058
22051508
21074069
20957980
22069060
22904648
21106722
23170278
23348246
23154861
23401871
21785048
22713795
21554088
22114048
22267918
20525992
22338019
20842054
20143434
22894885
22527228
21264545
22551308
22709738
22434096
22547608
22459268
23399823
22745924
22565371
22370387
21080797
22375995
22124094
22482234
22203769
22396291
19808874
21368459
21990398
20004617
22047582
21990407
20147741
21294471
20216240
23066344
21737695
22690756
19671877
21701442
21629286
22046181
22748259
21515855
19538054
19139884
21220617
23210632
22256820
21294474
21294472
21294473
21121842
22219590
21991906
21991904
20609175
18974373
21843079
21991905
20671754
22918923
19198837
19474123
19238020
20698719
19242368
19018089
20052966
19236253
18537753
19136343
20713164
21088057
19650371
18198818
19001147
18665147
23497384
17673617
23460532
23656443
23259392
23316667
22524673
21465316
22652330
22350184
23393121
18049334
23369684
24107912
23442594
22563166
19507029
23249108
22027422
21074064
23390376
22863361
22253555
22328018
23330781
22493370
22397654
22393198
24432031
23408545
16370382
23413908
22560555
23435643
21074060
23242086
20616954
24455677
23302904
23244384
22889847
22202647
23471977
23082737
22820413
23040162
22918924
22270078
22987974
22987943
22918925
22735122
22432863
22329580
22033581
21317818
22339359
22209376
23450149
22743761
22406592
22477725
22142824
22091682
22193102
22077831
22020206
19318477
22173438
22010182
21074061
19934295
21951748
24451730
21815696
21700764
22028422
21242854
21802280
23452415
23094782
23323148
23306915
22844202
23323154
23097082
18716842
23535073
23026880
23491458
23567227
22085568
21193120
23096716
21150603
21193119
23295794
21957431
23277525
21235437
23045571
23188634
23160205
21074063
23122388
23117962
23044382
22956585
22927506
23235751
23010398
22947000
22900855
22702483
22918929
22800555
22580638
22563699
20693841
22852261
22822589
22678259
20512304
22703856
22326921
22547587
22409862
22258374
23788912
22456430
20460488
22530324
22402694
17363537
22586796
22385525
22077981
23843723
22270215
22453017
22300855
23717798
22109345
22396993
22215850
23380546
19639414
23215674
22573536
23802063
23551370
23460531
23401435
22868219
23755371
23714523
23533766
23483762
23482847
23337757
24829756
22027417
21900791
21917607
23599677
23236591
23116250
24213509
21881038
23875174
23819055
23714558
23714490
21083648
23171508
23138168
23259374
23108247
23043326
21914583
23170267
22900715
22828249
23243584
21850925
21804596
22864561
23075686
22981501
22878966
22071969
19147575
21561409
21693727
21365253
22454154
19074257
23046024
22922209
22576456
21551417
21659402
22753717
22559147
22551296
22804456
19648604
22500535
22168282
22753700
22734880
22554099
22621691
20734041
22672122
21357649
21282973
22484191
22425393
22395415
22640522
22551537
22531442
22432839
22410456
21455150
22423265
22006439
22543947
22443134
22036643
21954698
20563707
22306905
22186141
21748753
22453019
22385436
21111961
23226069
23102192
22666217
24451817
22333219
22778766
22778760
22566975
22419879
24451790
23788878
21074062
22074657
22082642
21074065
21952276
20818880
20697383
21785279
21806402
21788973
21777474
21708958
17982122
21656113
21770473
20853321
18838703
20635901
21311328
20307219
21470540
21427556
16710025
20152761
23789039
19934296
21220230
20811384
19104936
20943639
19752745
19512947
19679015
19052742
19587352
19544689
17289891
19556898
19544692
19952852
20383346
20140276
18000991
19793711
18832811
18027152
18780859
19557204
18818309
18545145
18612161
18528295
19238009
19052265
18390726
19088949
18287062
19001144
18806898
18597009
17327854
17289867
17198092
17013086
16283570
18279066
17922073
16801985
19543441
17696822
17520107
17440629
