(("1900/1/1"[Date - Publication] : "2013/07/01"[Date - Publication])) AND antibody melanoma
23483974
23483943
23480032
23479181
23475218
23471977
23468991
23466080
23462381
23462208
23460535
23460532
23460531
23460165
23458760
23458759
23455713
23455528
23454771
23454746
23454162
23452415
23450149
23444956
23444951
25841448
23444228
23444168
23442594
23439861
23438382
23436794
23435643
23435419
23432398
23428928
23427296
23421934
23421690
23419203
23413908
23408545
23408334
23406996
23403819
23402819
23402380
23401871
23401435
23401099
23400950
23400564
23400334
23399823
23390376
23389031
23383146
23380815
23380546
23377668
23375534
23371260
23370771
23370329
23370093
23369684
23365757
23365463
23365201
23365136
23364317
23360476
23359305
23357570
23356913
23352437
23348718
23348246
23345163
23341990
23335925
23333935
23333074
23332614
23331695
23330781
23329497
23328744
23328703
23328435
23325650
23325649
23322673
23317404
23317275
23316667
23308268
23307859
23306915
23306863
23302905
23302904
23302903
23299197
23295794
23293080
23290135
23282240
23277150
23276173
23273924
24829755
23268564
23266830
23265575
23264899
23263452
23262440
23259392
23256800
23251005
23250474
23249108
23245276
23244384
23243627
23242086
23240746
23236484
23235751
23235345
23232651
23227156
23226069
23225247
23222297
23221682
23219755
23219751
23215674
23213423
23213069
23212197
23211837
23211623
23211620
23211290
23203930
23203798
23203681
23202306
23194049
23193620
23192275
23190886
23189245
23188634
23183931
23181437
23176616
23171508
23171461
23169436
23127922
23161234
23160205
23155441
23155239
23154861
23154498
23152565
23151945
23150715
23148706
23146306
23144690
23143694
23138884
23135719
23135134
23134699
23122388
23121580
23121579
23121578
23117962
23114509
23113766
23112977
23112262
23111789
23089377
23110257
23108247
23105141
23104723
23104352
23102192
23097082
23096716
21083648
21082123
21080797
21078882
21077158
21076614
21074069
21074067
21074065
21074064
21074063
21074062
21074061
21074060
21074059
21074058
21074057
21072887
21070915
21070613
21070480
21061768
21061269
21052763
21052756
21048926
21039467
21039043
21037277
21034498
21030496
20981424
20978206
20966228
20963412
20960056
20959825
20957980
20955559
20954985
20952758
20943639
20940616
20934217
20932861
20930067
20927315
20926331
20924644
20924102
20922145
20886663
20882037
20881840
20880580
20879797
20871028
20869966
20861479
20858741
20856939
20856802
20855675
20854438
20852124
20849518
20848769
20844595
20842234
20842060
20842056
20827282
20827200
20826047
20824708
20823571
20823160
20818880
20818186
20811885
20811059
20809904
20807805
20804089
20800113
20795360
20795306
20736366
20736326
20722590
20721523
20719885
20718711
20716957
20712892
20712569
20708974
20703049
20703038
20699448
20698721
20698719
20697383
20696919
20689762
20689511
20684763
20682365
20673534
20673223
20672001
20671754
20669938
20668223
20666674
20664585
20660931
20658534
20657552
20652801
20652725
20651610
20651020
20649180
20641980
20641842
20641766
20641728
20641647
20641545
20641453
20641203
20638684
20635901
20633255
20631075
20620577
20616954
20616691
20610718
20609175
20606648
20602340
20602321
20600834
20596633
20593249
20593179
20592351
20591909
20574452
20573279
20569441
20566893
20564157
20560775
20559123
20559114
20551839
20551831
20551638
20548792
20547866
20538984
20538758
20535211
20530670
20528623
20525992
20525246
20518718
20516446
20512304
20506368
20505748
20482675
20482528
20501841
20501546
20498710
20498012
20487650
20484878
20484028
20479946
20465821
20460488
20460472
20458209
20455858
20454651
20453212
20450868
20448346
20445352
20445347
20442802
20433206
20432461
20429836
17673044
17671217
17658994
17649820
17645779
17640229
17640228
17637721
17635809
17630192
17625599
17624244
17620090
17616706
17615539
17607930
17606715
17606506
17602441
17599744
17598083
17597814
17594596
17593331
17583821
17581615
17576332
17575227
17575113
17575105
17573875
17570828
17566976
17565118
17564791
17562985
17559180
17549380
17548797
17545548
17545540
17543085
17543072
17541593
17539671
17536787
17536318
17534686
17525627
17522707
17520845
17515550
17511385
17505265
17504221
17504213
17496787
17495524
17493711
17492933
17490399
17488462
17488182
17483752
17483352
17480225
17475854
17473208
17472582
17471588
17471116
17467156
17460736
17458555
17451647
17449328
17448198
17447982
17445277
17445214
17445213
17441676
17439838
17434437
17434043
17431617
17431222
17426020
17415830
17415315
17414320
17412323
17404109
17404094
17403622
17391313
17390341
17390090
17389361
17384650
17377811
17372027
17369853
17366974
17363539
17361988
17359289
17356063
17352405
17348034
17333222
17332737
17332366
17330412
17329225
17327609
17325166
17324216
17321465
17320204
17316415
17314931
17312401
17312308
17309161
17306454
17303571
17303294
17302609
17297476
17295916
17294518
17294404
17290063
17287861
17286807
17285290
17285110
17284958
17276899
17274948
17274366
17273909
17272983
17270031
17263878
17261188
17258887
17258524
17257402
17257071
17257070
17257069
17244029
17242043
17238830
17235306
17234541
17227766
17227118
17227112
17224188
17223740
17217256
17210720
17208006
17203385
17198092
17194529
17193824
17191710
17189827
17189415
17189411
17187367
17187358
17185516
17172816
17168284
17160409
17160014
17158770
17152281
17145889
17143262
17135653
17131336
17130836
17126254
17125516
17121894
17115383
17115279
17114498
17114474
17103257
17096153
17088974
17088396
17081598
14666660
14663571
14663384
14663358
14654959
14646623
14647442
14645150
14639620
14634142
14633602
14629821
14625258
14618628
14617373
14616364
14615650
14615412
14614001
14612549
14608029
14602237
14602236
14601058
14593228
14583496
14583470
14581607
14581345
14574492
14574233
14573758
14564483
14563947
14562026
14559114
14555535
14555498
14535622
14534536
14533812
14533809
14532973
14529092
14519652
14518358
14517461
14517444
14517436
14516789
14514922
14513377
14512789
14511569
14510986
14510717
14509467
14507647
14506181
14506178
14502781
14500372
13680194
13130261
13129388
12973027
12971393
12970393
12964041
12962476
12960315
12952296
12951323
12949648
12943498
12942200
12941841
12941837
12941522
12939465
12939257
12932233
12928363
12927791
12926238
12923563
12920247
12912964
12912944
12910682
12903809
12901230
12894561
12894533
12894475
12890197
12889994
12883649
12883360
12878358
12876487
12875607
12874204
12873997
12873447
12868597
12861477
12861355
12860162
12853579
12851687
12850810
12850486
12848854
12847141
12843798
12839582
12831531
12828557
12826605
12824917
12824252
12824250
12824220
12820408
12820367
12819038
12810660
12809550
12808056
12807887
12806026
12800198
12789544
12789295
12789294
12788670
12788647
12786828
12783488
12782611
12782604
12782586
12778077
12778001
12777979
12773380
12772513
12771490
12771237
12771028
12768633
12763476
12760367
12759544
12759535
12753398
12750156
12749752
12748255
12747770
12747758
12747757
12747746
12747745
12744904
12738990
12738812
12735792
12734400
12731059
12729361
12728254
12727857
12720157
12716902
12715240
12714638
12714409
12713589
12709000
12705631
12704385
12703215
12702150
12702145
12682852
12698199
12682289
12695503
12693675
12691613
12690708
12690298
12690297
12687014
12684754
12684398
12684396
12673681
10738134
10737759
10737389
10737388
10728600
10727311
10721490
10721263
10711688
10678701
10706124
10705818
10705630
10705577
10702485
10699956
10699951
10699946
10692173
10691965
10690521
10688724
10684854
10681690
10675485
10671513
10667600
10664633
10663609
10661767
10661765
10661321
10658910
10657486
10656737
10653149
10652624
10652254
10649525
10644945
10644168
10640610
10637892
10637253
10634629
10630306
10628380
10629146
10629086
10629075
10626733
10626817
10624422
10619884
10619267
10617296
10614933
10611107
10611312
10609652
10608246
10603091
10597134
10554034
10594733
10540230
10588669
10587362
10586094
10586088
10583387
10582667
10576668
10575354
10571962
10571347
10571119
10568813
10563779
10562816
10560514
10553041
10550578
10546161
10546158
10545794
10544003
10541969
10541882
10537341
10537299
10536995
10536168
10530563
10529437
10527598
10523720
10521804
10519410
10516727
10516025
10515601
10512851
10510357
10509639
10505851
10508491
10505552
10504171
10502728
10501852
10499418
10497214
10496599
10496366
10496363
10495385
10495377
10494566
10494555
10494132
10493631
10493519
10493512
10490996
10487831
10482202
10482200
10482011
10480898
10479166
10478642
10478639
10478178
10475241
10475236
10470136
10470120
10469343
10468291
10468289
10468285
10465586
10465583
10460778
10460750
10460668
10455410
10454758
10455171
10455023
10451481
10452325
10451027
10449620
10449616
10449614
10448302
10447583
10447065
10446994
10446460
10446458
10444380
10440689
10435085
10430624
10422284
10421782
10418173
10420817
10419468
10418240
10417157
10416604
10416597
10416131
10414467
10413654
10411932
10409657
10408388
10408346
10405830
10404438
10404068
10403306
10399963
10400790
10398406
10397265
10395644
10395378
10393965
10389768
10389639
10389626
10388104
10387328
10384122
8655594
8653687
8647210
8641848
8641196
8647636
8647631
8666832
8635870
8625323
8625313
8621261
9112674
8811495
8811494
8811491
8800301
8732651
8665570
8642352
8642346
8639055
8638615
8624261
8622089
8617987
8613473
8610800
8633097
8611500
8620512
8620479
8609406
9053030
8603809
8610104
9816218
9627715
9162525
8935336
8857669
8791277
8791271
8786872
8743295
8743294
8739992
8734919
8733372
8726415
8721447
8721445
8655713
8618015
8617992
8606124
8631768
8608953
8640836
8705293
8649813
10846574
9414396
8963455
8868467
8817744
8778032
8740784
8729049
8693831
8685226
8675729
8646558
8642255
8618691
8605726
8605098
8599957
8621727
8621236
8568901
8869031
8839236
8838662
8780163
8720982
8720679
8667055
8640068
8640067
8636223
8620520
8609374
8601728
8601718
8598221
8562938
8575861
8576125
8555512
8548851
8573133
22827328
22323893
11173587
10846546
9816099
9224979
9162263
9140726
8996567
8979270
8884144
8879256
8850357
8832953
8832943
8823809
8822624
8785710
8783581
8771534
8750848
8745883
8745882
8731505
8695227
8679258
8672851
8638089
8628566
8617330
8615665
8615656
8615605
8612308
8569195
8565549
8560202
8554448
8548753
8548752
8543592
8529289
8545104
8554545
7493922
8526907
8524854
8974846
8938275
8846018
8838953
8835170
8786965
8745638
8669032
8647995
8640378
8635191
8635190
8599514
8599466
8599465
8589614
8583160
8547040
8547038
7499099
7495287
7495278
7490469
7592830
8903520
8703684
8698005
8620956
8593259
8593106
8587759
8575485
8567985
8546004
8536275
8533659
7595233
7595212
7593207
7590690
7582838
7565774
7490295
7489747
7485392
7485389
7578226
7577968
7568219
8789200
8751130
8465513
8454570
8449971
8449968
8439988
8439983
8435428
8435218
8431507
8426092
8425968
8425845
8425829
8423398
8423023
8421596
8419164
8416734
8398305
8394515
8391740
8382038
8363667
8305217
8297649
8291669
8221907
8216821
8215585
7921967
7889543
7860222
7764579
7683166
7678981
7584004
7517168
1335364
1465406
1459738
1492072
1485537
1483947
1477969
1472077
1458672
1303493
1292783
1281617
1384954
1293173
1293172
1428234
1279183
21584590
1478275
1470682
1469506
1467284
1444751
1444734
1443597
1443054
1439444
1431559
1431218
1428916
1419633
1385207
1383150
1382848
1363425
1338275
1306979
1295440
1293171
1293170
1281930
1399146
1399143
1409694
1382720
1403042
1383295
1469793
1457984
1440231
1426160
1417196
1409627
1382457
1382090
1283898
1280157
1516057
1525179
1516051
1325286
1325378
1381702
1387642
1523927
1450672
1450051
1445665
1399602
1387883
1355429
1512266
1512264
1324910
1500228
1500218
1644809
1644805
1643631
1386557
1386213
1380036
1379600
1641987
1634923
1634775
1629628
1623565
1503911
1501443
1452202
1428001
1420599
1401179
1390525
1389887
1385458
1380003
1379962
1379782
1629200
1378316
1612780
21584536
1643429
1638699
1634352
1629241
1625443
1615371
1613579
1613550
1611084
1503399
1495947
1386550
1378696
1377132
1376299
1596884
10147859
1644665
1643208
1611818
1607392
1606557
1601982
1594753
1515096
1391235
1350507
1341252
1375589
1568790
1533203
1643424
1613153
1607739
1603113
1603109
1599044
1599043
1587490
1573270
1572903
1570303
1374069
1373748
1373670
1318507
1314223
1532818
1374030
1621523
1594086
1591310
1591309
1566441
1557374
1553911
1552342
1548529
1533774
2656042
2647330
2609958
2562483
2497191
2741230
2566118
2564593
2467745
2785590
2784858
2730038
2730019
2714813
2713245
2703228
2668355
2654003
2650593
2544501
2544500
2540389
2504830
2474586
2467377
2925280
2924293
2918552
2538453
2537297
2921170
2918227
2917356
2783885
2757668
2750677
2722176
2647941
2645372
2537146
2535260
2472474
2711482
2492536
2912545
2783559
2645870
2645223
2645222
2647601
2925221
2921610
2921609
2916650
2913963
2910473
2806965
2784406
2783665
2738650
2655934
2646397
2643730
2551603
2521492
2494717
2491957
2464027
2463331
2521937
2536363
2492282
2909761
2642740
2535959
2463072
2783256
2926443
2915889
2912877
2909284
2908845
2818873
2812147
2808486
2786456
2783332
2757564
2755651
2754533
2752392
2731185
2728381
2724630
2720706
2717643
2715010
2712872
2705759
2697577
2696716
2696715
2691457
2691456
2688034
2688029
2687618
2685527
2668866
2665734
2661335
2654956
2654953
2654950
2649447
2646021
2646014
2645052
2643120
2642954
2642911
2642424
2642270
2642026
2624918
2622598
2619087
2609939
2606718
2598188
2575319
2574717
2574401
2569990
2563168
2556770
2535499
2533820
2532801
2524255
2521288
2515870
2513111
2507371
2500385
2493987
2490510
2488866
2484957
2477829
2474114
2471592
2470110
2470106
2470076
2465712
2463094
2462787
3263900
3191486
2461254
2461253
3192544
3266207
3229781
3220105
3198688
3180088
3074088
3065371
3063211
3061677
3061013
3061012
2462749
2461951
3053466
2846150
3409561
3214439
3149529
3057001
3053294
2974427
2972732
2905882
2464758
2459402
3262416
3170029
3167827
3141038
3262710
3262428
3243324
3235853
3235849
3192729
3171629
3148669
3986779
3983401
3983400
3897643
3886317
3857614
2996157
2988138
2582173
2580933
4040658
3886341
3886561
3886560
4047738
4032792
3998764
3990690
3980171
3900899
3889501
3884145
3872139
3830495
2995906
2937585
2411774
3981005
3920046
3918947
3882581
3882220
3994311
3973645
3971378
3890654
3890502
3889400
3884037
3881524
3856277
2982498
2581330
3984439
3967168
2984853
2981601
2981865
3973533
3968583
3967227
3965572
3920101
3918869
3917475
3886900
3883572
3883355
3883034
3881480
3871353
3856042
2985398
2579631
2579618
3967951
2578439
4088287
4076233
4069121
4062508
4054153
4043988
4029740
3968463
3930068
3912244
3912222
3911080
3905666
3896644
3896641
3896421
3890772
3888384
3886678
3873633
3872419
3871515
3860152
3855485
3855286
3844972
3844970
3843352
3842314
3839198
2998311
2996108
2988674
2938689
2935224
2933140
2932993
2578237
2484850
2484847
2421698
6511125
6442014
6334655
6210254
6542103
6498849
6498836
6443174
6437660
6084591
6505678
6438233
6389374
6597451
6521722
6488195
6436563
6435859
6386993
6333494
6333489
6099419
6093111
6091149
6386801
6386700
6090450
6541663
6541367
6535835
6521021
6467201
6467157
6380710
6237165
6209246
6208613
6091287
6747299
6744327
6744304
6611374
6541137
6432568
6385004
6235997
6206271
6205072
6204749
6206564
6206002
6746651
6086763
6744277
6744259
6744258
6591188
6540688
6489678
6483630
6469767
6434453
6331928
6206165
6206164
6091541
6740441
6746112
6589212
6737078
6609984
6547457
6376904
6205714
6205528
6204001
6203690
6734821
6203895
6733023
6722794
6462628
6427521
6379543
6374238
6374009
6373821
6233772
6203417
6426610
6233227
6202645
337362
325861
324372
322460
318607
300499
300304
68175
20339
1008612
1009994
187320
994670
62719
1087506
1007279
991109
984866
826609
799764
799760
794584
193017
792712
987761
978138
974003
786913
62399
1066320
783052
182647
60290
1067619
992184
975069
973740
787436
185398
61813
973163
985816
1087348
962991
789080
979815
1084863
947860
59711
936285
779950
776393
1270805
1270722
1270174
1271890
1270797
1265083
955889
946896
773408
58033
56647
945229
1266628
1083267
1078333
134545
1083075
1263482
947647
773575
773396
772313
56396
1258214
1250045
1249352
1107431
1082453
777032
766636
56991
1261030
1247946
1107434
1107238
1105663
1088385
981971
823260
821894
800239
798321
793333
767300
58389
56444
1104492
53212
1107572
1085379
767115
765038
173868
127818
1184240
1209142
1192356
1108459
1082034
1176212
1176208
1080751
51836
51835
1107254
129975
54259
1154026
125940
61040
50297
1220917
1171141
1154259
1153748
1149027
1102379
1057380
1150277
1176196
1080748
51832
1146463
1138401
1102163
1079753
1057654
805717
1101782
1203081
1150343
1098846
1094959
790574
166949
1171762
1161316
1127916
1122496
1094178
765012
1156553
1124416
1079770
1056313
1234054
1124499
1123850
1118487
1089728
234295
46265
1126756
1092620
1164467
1086222
47865
1232528
1196428
1196426
1115522
1113599
1109797
1109788
1105967
1062481
236150
4140396
4377008
4377005
4620439
4620437
4615078
4474407
4547576
4608025
4139412
4139404
4619874
4446571
4428323
4139279
4549213
4547798
4472307
4424564
4851001
4142467
