(("1900/1/1"[Date - Publication] : "2013/07/01"[Date - Publication])) AND antibody melanoma
22158488
22157936
22156613
22154815
22153631
22149589
22147606
22146893
22145691
22144141
22143732
22142824
22142822
22142394
22139376
22138079
22134245
22130529
22130166
22130164
22129323
22127365
22124101
22124094
22123319
22123310
22117316
22109345
22108317
22105816
22103668
22102277
22099706
22096542
22095287
22095092
22093063
22091682
22086925
22085568
22085019
22084751
22084687
22083937
22080440
22080065
22078038
22077981
22077831
22075201
22074588
22067329
22057679
22054049
22052568
22051508
22047582
22046181
22044484
22044200
22042861
22039239
22037336
22033581
22030452
22029729
22028492
22028176
22027908
22027907
22027543
22027422
22027420
22027417
22025695
22021902
22021247
22020623
22020206
22019117
22017590
22016833
22014541
22012135
22006439
22002671
22001720
21995333
21994414
21994203
21991906
21991905
21991904
21991524
21990407
21990398
21989768
21985377
21984704
21981679
21976975
21960036
21958294
21957431
21954698
21954434
21953496
21951748
21949758
21949374
21949236
21941577
21933959
21930211
21924769
21923159
21915275
21915033
21914583
21913827
21906492
21904216
21900791
21900389
21900388
21896673
21895622
21894173
21893062
21885863
21883967
21883369
21881483
21879359
21876456
21867538
21861214
21858839
21858838
21853302
21850925
21847577
21845542
21844012
21842208
21833591
21832873
21829575
21825310
21821307
21819495
21816213
21815696
21810572
21807763
21806402
21802280
21792658
21789148
21787440
21786417
21785048
21784635
21780320
21772252
21770473
21768296
21762036
21755950
21755635
21755634
21755633
21750555
21737783
21737695
21735759
21730974
21730877
21730023
21724589
21721201
21720177
21717063
25373277
21712630
21708958
21703417
21701442
21698545
21698147
21693727
21693538
21689407
21688998
21688262
21670396
21670269
21668044
21667026
21660450
19047170
19047169
19047123
19035294
19034678
19033866
19032678
19032371
19029025
19026030
19025415
19024009
19018089
19017976
19017294
19001147
19001146
19001145
19001144
19006261
19005676
19004030
19003995
18999934
18997841
18992025
18975006
18974777
21479505
18958886
18957891
18937654
18929933
18922915
18922112
18852148
18852138
18847347
18841824
18838703
18836995
18836939
18836419
18833052
18832811
18830257
18829544
18829498
18829492
18802032
18798552
18798279
18794112
18792403
18790789
18785268
18782076
18781132
18781128
18780655
18777167
18774925
18772115
18765822
18752248
18725473
18722548
18719913
18717605
18716842
18715798
18714014
18713984
18713970
18708424
18707793
18703505
18702635
18698308
18698298
18698043
18698037
18697716
18695871
18690846
18688854
18684030
18682943
18677475
18676861
18676764
18665147
18660796
18656236
18652234
18641983
18640165
18625394
18636163
18636017
18633610
18628452
18624313
18621475
18618109
18617917
18617916
18616931
18616776
18616760
18616526
18612161
18611945
18607540
18604950
18604661
18604175
18604170
18602642
18602257
18602000
18597698
18596284
18594524
18584174
18579756
18570663
18566444
18565862
18563180
18562542
18559611
18552823
18547346
18547306
18545659
18545147
18545145
18540532
18537753
18537534
18537262
18536525
18535406
18528300
18528295
18520039
18519788
18519778
18519770
18519701
18516330
19669308
18509780
18501396
18500254
18498065
18497986
18497879
18495330
18495211
18486988
18483274
18481388
18481387
18480004
18477047
18472642
18472639
18468787
18463542
18463532
18462078
18460031
18452610
18451615
18449519
18448458
18444964
18440591
18439103
18438664
18432774
18432681
18431589
18430198
18427050
18427047
18427039
18426384
18423620
18422974
18413884
18413772
18413538
18408929
18407755
18405863
18393001
18384130
15900127
15899808
15897597
15891881
15889257
15888151
15888149
15885077
15885076
15879094
15876874
15871677
15869619
15867394
15853896
15851011
15846144
15846143
15846142
15840314
15838383
15837861
15833876
15833826
15832768
15826948
15824323
15824067
15823719
15823692
15818505
15818383
15809498
15809206
15805421
15803191
15800947
15792132
15791648
15788145
15783261
15781654
15767486
15761475
15760902
15756643
15755628
15753372
15752287
15751033
15750833
15750831
15746054
15745047
15743154
15737206
15735927
15735048
15732154
15731658
15729692
15728472
15725810
15725510
15723450
15715505
15714117
15711560
15703492
15699142
15699119
15696967
15692845
15684474
15679115
15662134
15662123
15661941
15660655
15654965
15654826
15652950
15650259
15650235
15648611
15645431
15645276
15645125
15639024
15638382
15635167
15634921
15627888
15627214
15623618
15623617
15619745
15618925
15617995
15614040
15613700
15613692
15611321
15610483
15609326
15606517
15605911
15604282
15604273
15604254
15603195
15603194
15600300
15599930
15598423
15598346
15592448
15588226
15585934
15585832
15585827
15584372
15582594
15579430
15578703
15578105
15577330
15577322
15577320
15577316
15574790
15574768
15573746
15565329
15561768
15561710
15557209
15557163
15551350
15548599
15546948
15543536
15540228
15540172
15538113
15537658
15537058
15534492
15534488
15523688
15523674
15522322
15522320
15517323
15515159
15512948
15510611
15509546
15509162
15501517
15500402
15498214
15493365
15492751
15491968
15491327
15491326
15491322
15487445
15485534
15483010
15482564
15481927
15480264
15476270
15475343
15472713
15469923
15469901
15467709
15466213
15461569
15457096
15457094
15456530
15452345
15451439
15449039
15447721
15446799
15389893
15386406
15382061
15382048
15381730
15378283
15378016
15374996
15373771
15371958
11578128
11577591
11576222
11574990
11574688
11567228
11565809
11564733
11564212
11564171
11561867
11561752
11560997
11556535
11553709
11550300
11549113
11545422
11544938
11535623
11529935
11527924
11526222
11526095
11525948
11523055
11522618
11522391
11521692
11520076
11518711
11514604
11511840
11511319
11511316
11511311
11511306
11511305
11511094
11510503
11509959
11507070
11494035
11493377
11481615
11479225
11477676
11476700
11472416
11468516
11468511
11468510
11468509
11468508
11466819
11466692
11465673
11464887
11455447
11454700
11453543
11442763
11438464
11437328
11434681
11434567
11429164
11428607
11427354
11420929
11418585
11418311
11417749
11416219
11410525
11406569
11406664
11401832
11401666
11396186
11395634
11395556
11395380
11394496
11391097
11390488
11389078
11388583
11387329
11385959
11384586
11381041
11381040
11380611
11377559
11371564
11371226
11369137
11360930
11359810
11359395
11358957
11358833
11355181
11351307
11351305
11350910
11348453
11348370
11342617
11335907
11335715
11333128
11331315
11328383
11326665
11325858
11321731
11320256
11319621
11314934
11313807
11312433
11311321
11309350
11309346
11306719
11300498
11300496
11300475
11299763
11299423
11298332
11295034
11289403
11289136
11286131
11280765
11280763
11278762
11277492
11277413
11275975
11265641
11263857
11263527
11263507
11260330
11259659
11259424
11258793
11254868
11254116
11231770
11253137
11253130
11253124
11253119
11253118
11251188
11249733
11248216
11246004
11244893
11244047
11241906
11241315
11241306
11239444
11235962
11230488
11228537
11228404
11226474
11221919
11223075
11222778
11222333
11214818
11212242
11211869
11211309
11205908
11204498
11203450
11203186
11196362
11192839
11191112
11188931
11209122
11207826
11181457
11180159
11179665
11176069
11176068
11176048
11175336
11171991
9404857
9404850
9403705
9403050
9402107
9401802
9399665
9398060
9396616
9396143
9392328
9365113
9363341
9361109
9361057
9357969
9356807
9354769
9378560
9346179
9345318
9344598
9344196
9343180
9324133
9307300
9335453
9334815
9334809
9334808
9336656
9335239
9323148
9316052
9312075
9310961
9310959
9288792
9284823
9284814
9276743
9271632
9258814
9271594
9299418
9293879
9256470
9297684
9276025
9252346
9328574
9259405
9815820
9815810
9578433
9578432
9578424
9578420
9376694
9315485
9293530
9293477
9286277
9270500
9268674
9256911
9242453
9241074
9223518
9171318
9223455
9212228
9430197
9329604
9274623
9258449
9252687
9247632
9243362
9233794
9232529
9219731
9218910
9205055
9223672
9225007
9192835
9190943
10994477
9287251
9241963
9237097
9222283
9216084
9209486
9199644
9195562
9195561
9195560
9195559
9187135
9181576
9180900
9159146
9178819
9160687
9157978
9202709
9139704
9139879
21533460
9274717
9216712
9216689
9216646
9209681
9194580
9181459
9181457
9179215
9164443
9164224
9158684
9154388
9152248
9137087
9128983
9185859
9118024
9108459
9134034
9134026
9139833
21533447
9209886
9197561
9167180
9167178
9167175
9167173
9160284
9151215
9138113
9138112
9121441
9110292
9096586
9079671
9065413
9122222
9077549
9058809
9075767
9052762
9050879
9120391
9815699
9483195
9206963
9155533
9140114
9137492
9111584
9099545
9095325
9090646
9088974
9087386
9085148
9060545
9036955
9050938
9100543
9029113
9028955
9033654
9162739
9088033
9085131
9085129
9085125
9085122
9073311
9067964
9066979
9053507
9012488
9008226
8993003
9020061
9815532
9596976
9575106
9537153
9523011
9521017
9436197
9427972
9415377
9413942
