(("1900/1/1"[Date - Publication] : "2013/07/01"[Date - Publication])) AND antibody melanoma
22576456
22576346
22576345
22576343
22574836
22571292
22567144
22566975
22566972
22563888
22563699
22563166
22562972
22562379
22562378
22560555
22553342
22552381
22551308
22547608
22547592
22547587
22517063
22543347
22542595
22539948
22539938
22538857
22532596
22530681
22530324
22527563
22527438
22527252
22527228
22524673
22520819
22519426
22519406
22516968
22508985
22508792
22506716
22506061
22504640
22503629
22500861
22500535
22496463
22496298
22496203
22495669
22495490
22495394
22495392
22495329
22493370
22484292
22484191
22482234
22477725
22474370
22467596
22466331
22465895
22465753
22465710
22461638
22459539
22459268
22456430
22456429
22454499
22453021
22453017
22449781
22447862
22447860
22446330
22443134
22442351
22442042
22441657
22439417
22434096
22432863
22426694
22425483
22425393
22423263
22421945
22421160
22420641
22419879
22416995
22406619
22404127
22400073
22397654
22396993
22396971
22395415
22394368
22393198
22392191
22392081
22385786
22385525
22382362
22378718
22378189
22375995
22374986
22371575
22370387
22367213
22363862
22361289
22354376
22351686
22350184
22347406
22346364
22345665
22343031
22340594
22339359
22338019
22334655
22331043
22329580
22328018
22319630
22310726
22309334
22308282
22306905
22303914
22300855
22299190
22299059
22297636
22296266
22289880
22289827
22289817
22285619
22284755
22283601
22281684
22281663
22273579
22271879
22270215
22270078
22267918
22261672
22260998
22257901
22256820
22254415
22253555
22234916
22234694
22234256
22231551
22220281
22215850
22211999
22202647
22210662
24451817
24451730
23788912
23788878
23552640
22205974
22205715
22203769
22200489
22199278
22199267
22198664
22197861
22196270
22196269
22193102
22192091
22191115
22190999
22190975
22184371
22180676
22173438
22170341
22165048
22162753
22162709
22160615
22159473
19639414
19638168
19630913
19617297
19628489
19622722
19622578
19619436
19617630
19615003
19609591
19587352
19584911
19581407
19571314
19565506
19558497
19556898
19553629
19551865
19550359
19549104
19548853
19544692
19544689
19543125
19542912
19538054
19538053
19533253
19530254
19528489
19521988
19521982
19519832
19519606
19519403
19519392
19517479
19515783
19514119
19513949
19513522
19512947
19509353
19509154
19508413
19507029
19498460
19497743
19488795
19482420
19477117
19476522
19474123
19466568
19464602
19461496
19461083
19458203
19457579
19457253
19448531
19447871
19447870
19444908
19443708
19442806
19440333
19435393
19432894
19431094
19428306
19427096
19420857
19419757
19417154
19417134
19414786
19414747
19414558
19414391
19410661
19409182
19409041
21772875
19397647
19389403
19386352
19384076
19383330
19381273
19369632
19364969
19363676
19361704
19358268
19352698
19351857
19350633
19349689
19345327
19342374
19338264
19337032
19331215
19321938
19320736
19318807
19318805
19318495
19318477
19317896
19304908
19301358
19293257
19293190
19287998
19287961
19287070
19286685
19282847
19276652
19276379
19276262
19276257
19276048
19255430
19252752
19249678
19242368
19239327
19238020
19238009
19236253
19233913
19226501
19223535
19222802
19222695
19222552
19221743
19210932
19208793
19208079
19200397
19200257
19198837
19198219
19196307
19193552
19192059
19190907
19190115
19190114
19184002
19183492
19181522
19177349
19176461
19173168
19169330
19168157
19157555
19152070
19149688
19147574
19143470
19142637
19139884
19139427
19136343
19131394
19126966
19121090
19118070
19118022
20740142
19112092
19109156
19104936
19094127
19090009
19088282
19088033
19088032
19074257
19073914
19073385
19052265
19052262
19068464
19066887
19062042
19056673
19055657
19054822
19054057
19053929
19052742
16446168
16438687
16428083
16424054
16424053
16422255
16422173
16421945
16421020
16420310
16420249
16412056
16405722
16405566
16404742
16403411
16397031
16395592
16391862
16388318
16385341
16384768
16381007
16380202
16379022
16373707
16370382
16369742
16367909
16365599
16365396
16361735
16353744
16344443
16337627
16334557
16331607
16328668
16322682
16322269
16318634
16318581
16315029
16309537
16308825
16307652
16303922
16303921
16301685
16299253
16299244
16297203
16290229
16288048
16288042
16283570
16281981
16275993
16273260
16272362
16267569
16267016
16263711
16258103
16254105
16252259
16251873
16251414
16244797
16240400
16234351
16227204
16225767
16224277
16216672
16213896
16213477
16204013
16204008
16196379
16193842
16188351
16187086
16187083
16179866
16169484
16166308
16162034
16158274
16157421
16155756
16154491
16152624
16152588
16148409
16146807
16146735
16144936
16143067
16143055
16140736
16128407
16123395
16121053
16120122
16115050
16114059
16112911
16110641
16110638
16110135
16103210
16092552
16087944
16087939
16082251
16080553
16080467
16076030
16061857
16061687
16061683
16061656
16061178
16059651
16052524
16047187
16046668
16045780
16045692
16045006
16043895
16041267
16040333
16040064
16034562
16034302
16034301
16034082
16033529
16030194
16030131
16029321
16027137
16024647
16024597
16022577
16020660
16007649
16007640
16007099
16003729
16003514
16002678
16001179
16000961
16000957
16000590
16000394
16000065
15992044
15990678
15990451
15988909
15986143
15984329
15984030
15983979
15981095
15979576
15976338
15975819
15971592
15970703
15970695
15969102
15965647
15957966
15956252
15946243
15945101
15944290
15943790
15937544
15936756
15934808
15931781
15930353
15930333
15928093
20704885
15917697
15914339
15912538
15912532
15908939
15906535
15906027
15905554
15901587
12072203
12070715
12070308
12070299
12070285
12069262
12067988
12067206
12065874
12060671
12060406
12054067
12054066
12053196
12050328
12049473
12045976
12041507
12034846
12032826
12032545
12028586
12019163
12019160
12015740
12010347
12007283
12006991
12006623
12003637
12000862
11997396
11996105
11992548
11992541
11992398
11991811
11991752
11986195
11985794
11985564
11983866
11980655
11979435
11979434
11979098
11968492
11967700
11964300
11964076
11962738
11962256
11953895
11953174
11948497
11948109
11942572
11941243
11937585
11936878
11934320
11930111
11929834
11927939
11927538
11923252
11923228
11920636
11920590
11920589
11918082
11914215
11913959
11912164
11907463
11904424
11900992
11896446
11895781
11894998
11893035
11888867
11888845
11886510
11886506
11884422
11884388
11877473
11872099
11870523
11866473
11864912
11863416
11861857
11859147
11859106
11856818
11856177
11845261
11845255
11843553
11839662
11839253
11836591
11836498
11835199
11830469
11828256
11825112
11818167
11816800
11813864
11807824
11807440
11798242
11789717
11786404
11783014
11782380
11780314
11779404
11778901
11776755
11775059
11774603
11774179
11774172
11773163
11773005
11764382
11764278
11763157
11756950
11756773
11756467
11751527
11751400
11749120
11709656
11748663
11748581
11747338
11747328
11745701
11742032
11741585
11739876
11739177
11737521
11737519
11737307
11732796
11726606
11725182
11724356
11722752
11720440
11719453
11716539
11714839
11710932
11710911
11710439
11708879
11706525
11706074
11706047
11698568
11697711
11691810
11691800
11688952
11688150
11687945
11687555
11684122
11681494
11678209
11669559
11668506
11668469
11668190
11665753
11642609
11606583
11606404
11603392
11600935
11599889
11597133
11595613
11593034
11592310
11592301
11588051
11587568
11584064
11581181
11579119
11578133
9755879
9755876
9755873
9747513
9747648
9747358
9746984
9743368
9743360
9741910
9740553
9740247
9739060
9738558
9736449
9735877
9733848
9731496
9726044
9725211
9722729
9720502
9720495
9714052
9710216
9717649
9717529
9716590
9716032
9715933
9711536
9711530
9710747
9706977
9705944
9703932
9703870
9704967
9701024
9700382
9700373
9696376
9696372
9696290
9694618
9692858
9690455
9684410
9679755
9679973
9677451
9673893
9671756
9670966
9668338
9665832
9664152
9664149
9664134
9662702
9653167
9652756
9635569
9650549
9650699
9649709
9649116
9646085
9645609
9640365
9639388
9638332
9637498
9633806
9627220
9626360
9628219
9627053
9626047
9618514
9616212
9625251
9623520
9622083
9620301
9620065
9615794
9610911
9609244
9609139
9609138
9607628
9607568
9605186
9605179
9605129
9603492
9554883
9547346
9596274
9518684
9591730
9591321
9588345
9587682
9585240
9548759
9535903
9579583
9579571
9579467
9533541
9533529
9516955
9570211
9562772
9560967
9554517
9553804
9551359
9557777
9552008
9551621
9548542
9548430
9543670
9537591
9488735
9538511
9534199
9529137
9521251
9520286
9516878
9516859
9510558
9510195
9508370
9502581
9502422
9502073
9506538
9506537
9506534
9505825
9451030
9495365
9495246
9492274
9485206
9484806
9475665
9471148
9470852
9469432
9466664
9466650
9464621
9464618
9462694
9462382
9460990
9415244
9396749
9349434
9349350
9457895
9457407
9456440
9455798
9432985
9417100
9417037
9450575
9449489
9449488
9415619
9445187
9443411
9439644
9439361
9405421
9435868
9435247
9429898
9429222
9429077
9426699
9426697
9424095
9398270
9422316
19569984
9409452
9409451
9375571
9373270
9406719
9406686
9406592
