(("1900/1/1"[Date - Publication] : "2011/11/03"[Date - Publication])) AND cystic fibrosis cftr
21594788
21594787
21594786
21594784
21594783
21594782
21594781
21594780
21594779
21594778
21594777
21594776
21594775
21594774
21593481
21593449
21593379
21585618
21576373
21568323
21567408
21563447
21562182
21561312
21557395
21556714
21548936
21547743
21547742
21547741
21547739
21547737
21547736
21547735
21547734
21547733
21547730
21547728
21547726
21547725
21547724
21547723
21544602
21543871
21538969
21536020
21525720
21525256
21525008
21520952
21520337
21518732
21514289
21512716
21512505
21507732
21499205
21496124
21494150
21486785
21483833
21480283
21478252
21476987
21475214
21475213
21474640
21474639
21474433
21474426
21463501
21461971
21455600
21455491
21443272
21441077
21439936
21439353
21429822
21427159
21424674
21422883
21422098
21421917
21420913
21420082
21419343
21416780
21411740
21411725
21411514
21407263
21397997
21394828
21394297
21389278
21388895
21387835
21386874
21383017
21378025
21372122
21366549
21354377
21352263
21351451
23056764
21349786
21348822
21338920
21338913
21336594
21334431
21333573
21330455
21329803
21329791
21329479
21328463
21327038
21326906
21322102
21317537
21317048
21308994
21303308
21301926
21299497
21296873
21296036
21285372
21284574
21282106
21275046
21270830
21268333
21263071
21262823
21261608
21257352
21255645
21254931
21250548
21241236
21238636
21233271
21233000
21228336
21226613
21223469
21220929
21220348
21204749
21204515
21198395
21195154
22891510
22865361
22865360
21185916
21184099
21184098
21178113
21177083
21176887
21175684
21156814
21155978
21152102
21151921
21151762
21150129
21148790
21148293
21148016
21147553
21145458
21140215
21135815
21135173
21131649
21131402
21131241
21123201
21118718
21111762
21110105
21108631
21105033
21105032
21104890
21099448
21097845
21093426
21091780
21083391
21083385
21078867
21078296
21077791
17507433
17507277
17506901
17504921
17502834
17502391
17495464
17494794
17490919
17489851
17483157
17481968
17477025
17475311
17471359
17471160
17466952
17466744
17462998
17458069
17452495
17449105
17448246
17446304
17443603
17442732
17440499
17435162
17434769
17434346
17433793
17432547
17428842
17420005
17415518
17413420
17409124
17408659
17407489
17406643
17400751
17400678
17400191
17398169
17397825
17395634
17394637
17394391
17394390
17392477
17388782
17382898
17381427
17375191
17369290
17363467
17363465
17361366
17360544
17360481
17353351
17348320
17347851
17347778
17347447
17347004
17346753
17339840
17337503
17332481
17331079
17329846
17329263
17329172
17328035
17326095
17324393
17320853
17317749
17314234
17311518
17306384
17299412
17293558
17291433
17291397
17291132
17290305
17290033
17289674
17287432
17283089
17272866
17272824
17272822
17258837
17254580
17245735
17244609
17244607
17242497
17238031
17238030
17237149
17235394
17234733
17228786
17222164
17218617
17217105
17213331
17212919
17210762
17206681
17204498
17204267
17204147
17202292
17197571
17194447
17191107
17182856
17182731
17182289
17180122
17178714
17178710
17178109
17175965
17172597
17161378
17158866
17158822
17157190
17155912
17154340
17148697
17145933
17142798
17142267
17137500
17132688
17128288
17127107
17122162
17120768
17116404
17114394
17113596
17112538
17111846
17110338
17110327
17108316
17099022
17098864
17098482
17095751
17091214
17085523
17084917
17084813
17084658
17079941
17078386
17076271
17074975
17074318
17072959
17065237
17062471
17054101
17053783
17053491
17050329
17048214
17047984
17043152
17043148
17040873
17039396
17038445
17036051
17035430
17035420
17033796
17030173
17028392
17024421
17024213
17023980
17022806
17022692
17021906
17021796
17020473
17020467
17018149
17017989
17015704
12876510
12874665
12869384
12867361
12865275
12861480
12852954
12843958
12843337
12843327
12842835
12842823
12842093
12840537
12840066
12839834
12837761
12837542
12835696
12834868
12833420
12833419
12832418
12830451
12828958
12825202
12825076
12823181
12820897
12820707
12820662
12820661
12815607
12815600
12815597
12813898
12813880
12810986
12802335
12801959
12801574
12799389
12798048
12796199
12796151
12794695
12783613
12783301
12782133
12779072
12778376
12777252
12772217
12770858
12770774
12768409
12767731
12765979
12762414
12761047
12759755
12759680
12759678
12746094
12745925
12741342
12734544
12732620
12729528
12729402
12727901
12727866
12723646
12719375
12714375
12712228
12711306
12709507
12706377
12705799
12704103
12704021
12692180
12689922
12688373
12682798
12682796
12680831
12679372
12679371
12677168
12676769
12675485
12673631
12667793
12667096
12664848
12664842
12661515
12661150
12660625
12660234
12658399
12658038
12651923
12651880
12651871
12651858
12651632
12646171
12642634
12636051
12636046
12634855
12631449
12630958
12630722
12624947
12621035
12612912
12612194
12606488
12606185
12603055
12600951
12598592
12595593
12592165
12588899
12584532
12578988
12578973
12570106
12569163
12563314
12562935
12562898
12560856
12560855
12560093
12558550
12556359
12556293
12548399
12548398
12548397
12548396
12548395
12545799
12544470
12538638
12536461
12531931
12531100
12531063
12529713
12529365
12529261
12529251
12523935
12521276
12519749
12519745
12509709
12509457
12508051
12506110
12504115
12503104
12502786
12501691
12499931
12494768
12485421
12483292
12482874
12479532
12476034
12475759
12475745
12475744
12471024
12466520
12464670
12464662
12464661
12461646
12461645
12461490
12459497
12458152
12458151
12458149
12457238
12454843
12452478
12452372
12447350
12446681
12446234
10484343
10484217
10482622
10482581
10480369
10479796
10478873
10477489
10477439
10476227
10472642
10471744
10470322
10466626
10464603
10462611
10459916
10459902
10454765
10456926
10455193
10453741
10451687
10450871
10450015
10448643
10447267
10445602
10445601
10445036
10444722
10444582
10444458
10441486
10439967
10437775
10433940
10431168
10430776
10429516
10425081
10425036
10417279
10421641
10419835
10419506
10417323
10415847
10409249
10409237
10409234
10409120
10409114
10407757
10407679
10407674
10406292
10403730
10401194
10402399
10400804
10400771
10400120
10398855
10398760
10398692
10398691
10395381
10392242
10388469
10388465
10386624
10385235
10381942
10379562
10378526
10378505
10377513
10376575
10377174
10370058
10370056
10368184
10367278
10362539
10360942
10354464
10352950
10351951
10350235
10348821
10348817
10347100
10343910
10341008
10340937
10340929
10338094
10337479
10336360
10330337
10332504
10330420
10330418
10329661
10325907
10325788
10325715
10318953
10318798
10235038
10232428
10232317
10231698
10230924
10229679
10229049
10228112
10228103
10226323
10226058
10225950
10224234
10223721
10222347
10220150
10220462
10220340
10220334
10218115
10217542
10216147
10212185
10207304
10207162
10206998
10205680
10205243
10204861
10203138
10200050
10198364
10199813
10198254
10195826
10195071
10191357
10187807
10103316
10102935
10101000
10100738
10099982
10096895
10094942
10094204
10093110
10093106
10090992
10089875
10089572
10089568
10089213
10087150
10087141
10082567
10081860
10081079
10077727
10077245
10076009
10075921
10075672
10075649
10069998
10069375
10066035
10063331
10063328
10052869
10051684
10051167
10051156
10050655
10047517
10037693
10036238
10026154
10024598
10021451
10021450
9990481
9989241
9972102
9950772
9950763
9949440
9949435
9950364
9931011
7537150
7537148
7537147
7536114
7535636
7534748
7530908
7529962
7529238
7494409
7494407
7494406
7529740
7529176
7527588
7962123
7898309
7881429
7536669
7534353
7534245
7531034
7529025
7527370
7527310
7528013
7808073
7584104
7533026
7532021
7531880
7529818
7529351
7527809
7526700
7526699
7526685
7525450
7526852
7523956
7526344
7526342
7523390
7521937
7522569
7524148
7838673
7534234
7531541
7531503
7530610
7524345
7522998
7524485
7522346
7522329
7521334
7524389
7531199
7530726
7530495
7530494
7529319
7528783
7527312
7527272
7527271
7524342
7523764
7522483
7521322
7521321
7529593
7914197
7519611
7949729
7948139
7749379
7527286
7527269
7526338
7526324
7525005
7521139
7521128
7521124
7519167
7518455
7518437
7518920
8027039
7517933
7526927
7526925
7526924
7526901
7525964
7525963
7525859
7525404
7522742
7520022
7519398
7519393
7518829
7518409
7517144
7517672
7517043
7516459
7515498
7948135
7948134
7530071
7527291
7524913
7524910
7524909
7522673
7517633
7516305
7517653
7515047
7515188
7515176
7514174
7522211
8064813
7584081
7521710
7520582
7520292
7520288
7519885
7519884
7519679
7518307
7515579
7515578
7515571
7515570
7513949
7513296
7513695
7513286
7512962
7512560
7512555
7513081
7511414
7917764
7520799
7520798
7520797
7519452
7519451
7519343
7519028
7518412
7514288
7513963
7513294
7513293
7513292
7513291
7512993
7512981
7511554
7511206
7510983
7511817
7511062
7510695
7510684
7517387
7510290
8132771
8120708
8013599
7584070
7517189
7516777
7513123
7513122
7512420
7512348
7510634
7509564
7508934
7509074
8183638
7529602
7516234
7516233
7516232
7515892
7514450
7514292
7514227
7511336
