(("1900/1/1"[Date - Publication] : "2011/11/03"[Date - Publication])) AND cystic fibrosis cftr
20436040
20435887
20435689
20432002
20430874
20429932
22111616
20427821
20393308
20423679
20421370
20416310
20415666
20413542
20406820
20406739
20403432
20400957
20398666
20397273
20387681
20386322
20384480
20381036
20375556
20373765
20363832
20362570
20360044
23710112
20351190
20351101
20351098
20351096
20351045
20347403
20346919
20346358
20337169
20334484
20332767
20332619
20309604
20309575
20308804
20301428
20298391
20233947
20233062
20233023
20231442
20227074
20226262
20225391
20215869
20208510
20207026
20205681
20203293
20203292
20200141
20199104
20194130
20193032
20190337
20190016
20186875
20181668
20179644
20178459
20167933
20167849
20166764
20164375
20163773
20162780
20156845
20154695
20150177
20147297
20142516
20140303
20138822
20137495
20135098
20133716
19914443
20131088
20130090
20128270
20127304
20120088
20118260
20116881
21994643
20110677
20110417
20110398
20110149
20108119
20102408
20100616
20098842
20093721
20090299
20089840
20089831
20089668
20089353
20082869
20082341
20080601
20080093
20068595
20059485
20059381
20059346
20057063
20054153
20053923
20052766
20052463
20052366
20052365
20051989
20051483
20050827
20049895
20047061
20044437
20044041
20042712
25197508
21525753
21364822
20041182
20038525
20037649
20032308
20031113
20028935
20026617
20023722
20022367
20021716
20018497
20015999
20012660
20011209
20010100
20009063
20009057
20008117
20005786
20004757
19999802
19995619
19966789
19966305
19965983
19954980
19952026
19951905
19947928
19947594
19945434
19944699
19944211
19942933
19937989
19931506
19927121
19926984
19925455
19923526
19923167
19918082
19917960
19914879
19914431
19910675
19910674
19910374
19909502
19906953
19903491
19897727
19897426
19896304
19893581
19890664
19890354
19889841
19889806
19887769
19886674
19886063
19885835
19883345
19880712
16481891
16481627
16481373
16478769
16478680
16477455
16473863
16472777
16472140
16470247
16469739
16466905
16464259
16463769
16463140
16463024
16462912
16460283
16458894
16457214
16455659
16454991
16450752
16443646
16440368
16440178
16439577
16436646
16436643
16436375
16435054
16433451
16432888
16429425
16429424
16426904
16426521
16425540
16424881
16424149
16423550
16421216
16421205
16421103
16418321
16417523
16416861
16416860
16414184
16413502
16412743
16410345
16410244
16402020
16399952
16392185
16390870
16385442
16385253
16384978
16384879
16379540
16378926
16378323
16368574
16362824
16361706
16361259
16341382
16340462
16339147
16331976
16330381
16327011
16317066
16311719
16311240
16301844
16301828
16296753
16294184
16288863
16287174
16284361
16283887
16283140
16283068
16281647
16275783
16275171
16274977
16272798
16272448
16272177
16266832
16263954
16258369
16252390
16251901
16250113
16249874
16246729
16246032
16246030
16245306
16245034
16243854
16239222
16238926
16236828
16236827
16235572
16234241
16227620
16227367
16226002
16223764
16222039
16219660
16215213
16212675
16210354
16207846
16207813
16207791
16207733
16203867
16203733
16202790
16202789
16202788
16197854
16196493
16195538
16193325
16191501
16189704
16187186
16185859
16183882
16183670
16182686
16182667
16182665
16182611
16182202
16179642
16179637
16179582
16178858
16177360
16177189
16170155
16167518
16167517
16166089
16163053
16162662
16157656
16157443
16156102
16155254
16155086
16150931
16149910
16148052
16144754
16143588
16142827
16142007
16137181
16135545
16134171
16132229
16131493
16129695
16128988
16127463
16126774
16124861
16124338
16123520
16123480
16121039
16121038
16119624
16114821
16113449
16113409
16113408
16113406
16111090
16101453
16099848
16094050
16093421
16093420
16088590
16088579
16088537
11984593
11978765
11976939
11967229
11966405
11965361
11960971
11956211
11953903
11950844
11950134
11948444
11948203
11945068
11942920
11940532
11938439
11938353
11937500
11936773
11934265
11933191
11932230
11929516
11927667
11927666
11926050
11924117
11921462
11917556
11917555
11917548
11917545
11917539
11917538
11917537
11917536
11917535
11917534
11917532
11917531
11917530
11917529
11917528
11917527
11917526
11917525
11917524
11917523
11917522
11917521
11917520
11917519
11917517
11917096
11916201
11914543
11914383
11913465
11913463
11911657
11910358
11908853
11907163
11904291
11901821
11897641
11897640
11894730
11893723
11893678
11891575
11891572
11891518
11889571
11888281
11886164
11886121
11884990
11883825
11883371
11882668
11882666
11880696
11880289
11880256
11877404
11875275
11875274
11875272
11875269
11875268
11875267
11875266
11875265
11875264
11875262
11875261
11875260
11875259
11875258
11872746
11867445
11866018
11865034
11861646
11856314
11854474
11854441
11850511
11848724
11845319
11845318
11845317
11845316
11845313
11845311
11845310
11845309
11845308
11845307
11845306
11845305
11845304
11845302
11845301
11845300
11845299
11845298
11845297
11845295
11845294
11845293
11840029
11839544
11836651
11834374
11824793
11823525
11823443
11815669
11813900
11812794
11811052
11811051
11810271
11809765
11809721
11795422
11794881
11804840
11804193
11802254
11802252
11802245
11802244
11802242
11801897
11801891
11799116
11796434
11788611
11788092
11788091
11788090
11788089
11786964
11784568
11781704
11781380
11779417
11779413
11779412
11777980
11775491
11774129
11773614
11773581
11773234
11773060
11768555
11764390
11756355
11755605
11755047
11753798
11753361
11753358
11733566
11748233
11748227
11746017
11745036
11741825
11741811
11741234
11741196
11739639
11737931
11734659
9628826
9518736
9630075
9625880
9618558
9616231
9625066
9623968
9623690
9603917
9620797
9620832
9619773
9614386
9616022
9614547
9490813
9490811
9613608
9612228
9593757
9609763
9580572
9606148
9604756
9593763
9573345
9599654
9599649
9545412
9598638
9565413
9542966
9524257
9596091
9508803
9508802
9593421
9592173
9590693
9592064
9591500
9590360
9588077
9499426
9529383
9581911
9581539
9580755
9580754
9580747
9575854
9575844
9575788
9575786
9575453
9569250
9524141
9563748
9559222
9558482
9554753
9551612
9550362
9550360
9516408
9502755
9490783
9547020
9482713
9466991
9463322
9541118
9536274
9488705
9482946
9443920
9533463
9532632
9530112
9530627
9530164
9530160
9530114
9530103
9495822
9525313
9524600
9271620
9521595
9521469
9518703
9517543
9517388
9485388
9463368
9515740
9514538
9512029
9511935
9511934
9511933
9511932
9511931
9511930
9511929
9511928
9511927
9466967
9507393
9501909
9501902
9465038
9361022
9501017
9448303
9443974
9493456
9443874
9486225
9486140
9486127
9486119
9482579
9476862
9475107
9472784
9466806
9466536
9466061
9464242
9462755
9415304
9389746
9385646
9383545
9376420
9367807
9367803
9367680
9349436
9349430
9454574
9435322
9417117
9405675
9452112
9452073
9452054
9452048
9449379
9445824
9407075
9399953
9359918
9442363
9439669
9383031
9371688
9435576
9435515
9433974
9433706
9429141
9425910
9425447
9425443
9425295
9425267
9423183
9348270
10182430
9384384
9374850
9412228
9409470
9409469
9374736
9374717
9374552
9408048
9402971
9401049
9396969
9396594
9391758
9391757
9387959
9366560
9366056
9365460
9363704
9359706
9358019
9357772
9355728
9345100
9376123
9346969
9346929
7682419
7682196
7681632
7681631
7681623
7681035
7681034
7680666
7680526
7680525
7679117
8428904
8473422
8446998
8436660
7684647
7684646
7684637
7684636
7681978
7680915
7680530
7680378
7680322
7680321
7680264
7680032
7680029
7680028
7680027
7678968
7678414
7678316
7678008
8431626
8428507
8309849
8268652
8117058
7693108
7691353
7691352
7689902
7686423
7685901
7684868
7684867
7683955
7683954
7683952
7683164
7682884
7682803
7682047
7679367
7678606
7678325
7522902
7522901
7521765
7511616
7511615
7509237
7504970
7504969
7504904
1281484
1281791
17831643
1480190
1385112
1283566
1282900
1282898
1282491
1282304
1282296
1281385
1279809
1280131
1385461
1279687
1384326
1279437
1279436
1279435
1385213
1477671
1385255
1384582
1384328
1384327
1286796
1285365
1284471
1283151
1283149
1283148
1279852
1384055
1383033
1382860
1384321
1381291
1308055
1284889
1284888
1281220
1281035
1281034
1281033
1281032
1382071
1381054
1382316
1521739
1519863
1404304
1384347
1382468
1381723
1357180
1284643
1284642
1284641
1284640
1284531
1284530
1284529
1380673
1380670
1380724
1380723
1379589
1380129
1380127
1380943
1379613
1425485
1382222
1381442
1381149
1381146
1380942
1380689
1380486
1380483
1379720
1379414
1379413
1379356
1379244
1378805
1284548
1284547
1378835
1378761
1380107
1641732
1379670
1379211
1379210
1378998
1378996
1378801
1378393
1377133
1354866
1322048
1284627
1284626
1284482
1279869
1377820
1377674
1376923
1603587
1375707
1379819
1379473
1377660
1377659
1377454
1377165
1377140
1376017
1376016
1375758
1284639
1375221
1375156
1374403
1375392
1477665
1383048
1376297
1375432
1375186
1375035
1374361
