(("1900/1/1"[Date - Publication] : "2011/11/03"[Date - Publication])) AND cystic fibrosis cftr
19880661
19880323
19878303
19865788
19858130
19855085
19852935
19847291
19847091
19846789
19845690
19844201
19843100
19843093
19840964
19837664
19837660
19833837
19833563
19828134
19825940
19824053
19820035
19818767
19814773
19812525
19810821
19808995
19808659
19808646
19794146
19793336
19788494
19788389
19785436
19782160
19781595
19780730
19775599
19774621
19768173
19766125
19761259
19760545
19760540
19759008
19754156
19752774
19747007
19740743
19737283
19734299
19734129
19733108
19728845
19727627
19726884
19726878
19724303
19720813
19717257
19715466
19713861
19710425
19710401
19708905
19707853
19700644
19697963
19696993
19684200
19662435
19657734
19655163
19654104
19652440
19649303
19648474
19648261
19645745
19643730
19642903
19639288
19635928
19634193
19633071
19627168
19626704
19625650
19625452
19621064
19620404
19617429
19617399
19617352
19615439
19614608
19614605
19603002
19596328
19593166
19587741
19584307
19582812
19572026
19571747
19570894
19570618
19562038
19551760
19550280
19549452
19548454
19538314
19538313
19535511
19533735
19524678
19515987
19502387
19502384
19491324
19490804
19490541
19488761
19488709
19481507
19481256
19477416
19466983
19465887
19462466
19460681
19459534
19457724
19454284
19453252
19449463
19448737
19447965
19447883
19443733
19443567
19442237
19439224
19439083
19438287
19436688
19436330
19434276
19431193
19429440
19423715
19420138
19419994
19419569
19416657
19411311
19408014
19403648
19403599
19401039
19399182
19398555
19389632
19386787
19383231
19383151
19381710
19381016
19372188
19364771
19363120
19363029
19359437
19358684
19350818
19346319
19344509
19342507
19339490
19337904
19335897
19333236
19332621
19332488
19329540
19328865
19328185
19324987
19321738
19318346
19318035
19309287
19307599
19306924
19299496
19298730
19293344
19289574
16088394
16085675
16084692
16083808
16083720
16081479
16078047
16076250
16075239
16075128
16054561
16053460
16051699
16051669
16051530
16051214
16049310
16046196
16040812
16038730
16037690
16037545
16035387
16034452
16028303
16027156
16025767
16025764
16020494
16015685
16014954
16014420
16012949
16006996
16005266
16004694
16001392
16001391
16001079
16000541
15997883
15996905
15996659
15994425
15994263
15991893
15991075
15987793
15986094
15986093
15973438
15970608
15970469
15968780
15967736
15967026
15965027
15964894
15964250
15963954
15958523
15957615
15956032
15953746
15952991
15951609
15951608
15951607
15948196
15948195
15944206
15937116
15937068
15936204
15936089
15936019
15930234
15925323
15923638
15921678
15921521
15920873
15917641
15917633
15915083
15914646
15913483
15908456
15905414
15905293
15905150
15901792
15897385
15893109
15891431
15890513
15888700
15880796
15872007
15870824
15870673
15868140
15861307
15860566
15858154
15858148
15857825
15857421
15852339
15851503
15845416
15841482
15840711
15838934
15832355
15830387
15829248
15828773
15826655
15825587
15823847
15820050
15808474
15808339
15806593
15805851
15802612
15802104
15802096
15800694
15800050
15798900
15790988
15790911
15789152
15784681
15784597
15784035
15781764
15776432
15775760
15775704
15772171
15771606
15767577
15767296
15767295
15766278
15765543
15765539
15763242
15761937
15759621
15758663
15758625
15757261
15754262
15752682
15749233
15746174
15745932
15744829
15744523
15744517
15741992
15738290
15731086
15729345
15727251
15725720
15722457
15719171
15716623
15716351
15715921
15711774
15709975
15709963
15709055
15705796
15705621
15705389
15705292
15704203
15704202
15703296
15702377
15699697
15698946
15698945
15698939
15694001
15684079
15682809
15681482
15677769
15673927
15672947
15668502
15666307
11734637
11732748
11732487
11732432
11729132
11729110
11726399
11717455
11715952
11715942
11713770
11713767
11713719
11713645
11707576
11707463
11707066
11706320
11703384
11701644
11699895
11699128
11698247
11696242
11696036
11694004
11692260
11689479
11688981
11687602
11686896
11683650
11680956
11680946
11675429
11675385
11668613
11668039
11667976
11665504
11606508
11606421
11606326
11601754
11600681
11600465
11600438
11600430
11597909
11597908
11597903
11597353
11597137
11596856
11591888
11589832
11589722
11589624
11589621
11585853
11585852
11580305
11574497
11571584
11571577
11571484
11569691
11568116
11562789
11562610
11560923
11558827
11558066
11557589
11557509
11556136
11555567
11549312
11547348
11547345
11547256
11546651
11544554
11533139
11530706
11530206
11527951
11527541
11524016
11523757
11518680
11512032
11509829
11504857
11504700
11503170
11502593
11502568
11502558
11498992
11495691
11495490
11491179
11491166
11491164
11491162
11487480
11485630
11485629
11484456
11484207
11483851
11483364
11482981
11482978
11479366
11479341
11478590
11477729
11476081
11473626
11472971
11472969
11472107
11471192
11470857
11470789
11469690
11468285
11466205
11463149
11462248
11462247
11459923
11459421
11457796
11455453
11448937
11448786
11447196
11447011
11446679
11446424
11444148
11443282
11443135
11443063
11438995
11438505
11435220
11435203
11433193
11431160
11430412
11427889
11426463
11426337
11426298
11426297
11424848
11424611
11421353
11420612
11420207
11417226
11414653
11413787
11412811
11404347
11404248
11404246
11404245
11404244
11404243
11404242
11404239
11407896
11403205
11402373
11401894
11401826
11400861
11397675
11397325
11396922
11394134
11390879
11390493
11390189
11388756
11381082
11380256
11379874
11379612
11376374
11376166
11375494
11374871
11374055
11359923
9344878
9344662
9328474
9325282
9306276
9306020
9306012
9343697
9342367
9336477
9334716
9334604
9321676
9316420
9305991
9380758
9380706
9379169
9379168
9379167
9379166
9311495
9305845
9298225
9294121
9291908
9287984
9276724
9272157
9299389
9242721
9287144
9379898
9338018
9277402
9277373
9277371
9277342
9277340
9270304
9269831
9267310
9261063
9261051
9254864
9254853
9247473
9247472
9211819
9211816
9220975
9250667
19856289
9626763
9626762
9252557
9252549
9222560
9216450
9216449
9216445
9215687
9212112
9201033
9199315
9237625
9261986
9201915
9188468
9218222
9194805
9196038
9441944
9312429
9234245
9231079
9231078
9227510
9227467
9227419
9212168
9208926
9199562
9196095
9191467
9184552
9164776
9164051
9162024
9174362
9187372
9175873
9274714
9272738
9194642
9176247
9176156
9156329
9154877
9150719
9150159
9130964
9125527
9098486
9113509
9113507
9615214
9217964
9160331
9142951
9142920
9142856
9142832
9138152
9120009
9115758
9108869
9100367
9099843
9097955
9096065
9093186
9190668
9065435
9122242
9130164
9087166
9077553
9074627
9183441
9180964
9155717
9138899
9137890
9135734
9135733
9135274
9124534
9124520
9124508
9089437
9083763
9075661
9066787
9062336
9054516
9032363
9064787
9030559
9078271
9040605
9020133
9063876
9023366
9382747
9235853
9187518
9181119
9162703
9124365
9124353
9124310
9108631
9081217
9068292
9056882
9048354
9046241
9043706
9042618
9039981
9035124
9030698
9021933
9012419
9006906
9013845
9080443
9016805
9009227
8995302
10160212
24493424
10464627
10464626
10464623
9860191
9489415
9443306
9443289
9443229
9443202
9401110
9401006
9375855
9298826
9259194
9222768
9222762
9222759
1373935
1373934
1373882
1284470
1284468
1373728
1373908
1373905
1373612
1373570
1372605
1376160
1374676
1374052
1372390
1284545
1284466
1372891
1372442
1372005
1372111
1372586
1372482
1372477
1372253
1371876
1371735
1284480
1371598
1371277
1371239
1371114
1371352
1545831
1536179
1377276
1372094
1372093
1371641
1371265
1371264
1371263
1370875
1302038
1370488
1284542
1370653
1370337
1730537
1551244
1490631
1450460
1385348
1385049
1376182
1375961
1375960
1375475
1375470
1372319
1371251
1370810
1370807
1370365
1370353
1370301
1301197
1284810
1284543
1284541
1284540
1284539
1284538
1284537
1284536
1284535
1284534
1284478
1284477
1282354
1282016
1722205
1722350
1722027
1722026
1720548
1757966
1723552
1721624
1720926
1720311
1720243
1719001
1718999
1718606
1718974
1723427
1723056
1723055
1721508
1718633
1945864
1718277
1718002
1717461
1717950
1717947
1717452
1718037
1716739
1722259
1719108
1717515
1682496
1749205
1716180
1723032
1715578
1715567
1714039
1723697
1717363
1715312
1715311
1715309
1715308
1713921
1713683
1712898
1712883
1713302
1712985
1712984
1712081
1712079
1716244
1716243
1711224
1709095
1726721
1717929
1712752
1709778
1709163
1710600
1675008
1713973
1713908
1710601
1710599
1710598
1709281
1903761
1712680
1709137
1706279
2002063
1709842
1705554
1709843
1704330
1705179
1704151
1990834
1703660
1370020
1706112
1892735
1725923
1724873
1719773
1719772
1719771
1719770
1719769
1719767
1719764
1719763
1719762
1719758
1719757
1719756
1719754
1719753
1719752
1706309
2269271
1367855
1724894
1702901
1701965
1700249
1699669
1700302
1698801
1699127
1699126
1698126
1698261
2210768
