(("1900/1/1"[Date - Publication] : "2011/11/03"[Date - Publication])) AND cystic fibrosis cftr
23934597
22369017
22364044
22291775
22216285
22194755
22186243
22178883
22163268
22156145
22137130
22096575
22079487
22057257
22056837
22052729
22047565
22047557
22046351
22046162
22043142
22042986
22038833
22036338
22034590
22030396
22028919
22024847
22020151
22016782
22011646
22010920
22008188
22007674
22006664
22005837
22003093
22000714
21999194
21998660
21998193
21998142
21997369
21996038
21993476
21992677
21991256
21990373
21986207
21984958
21984381
21983488
21983161
21976485
21976147
21970994
21967060
21966295
21966101
21965669
21964154
21952739
21952168
21951589
21950345
21948798
21948195
21943397
21940661
21939749
21935358
21932505
21931865
21931512
21931164
21930781
21927812
21917531
21916612
21914796
21909403
21909392
21908092
21907281
21898230
21897819
21897254
21893120
21884936
21875427
21873556
21865736
21865731
21864494
21859305
21858268
21857224
21857124
21852426
21851331
21848627
21847140
21844754
21843195
21840567
21837768
21826241
21825083
21825067
21820373
21816754
21811577
21809453
21809164
21807898
21796426
21796338
21796019
21792085
21789198
21783433
21782926
21779978
21779199
21765932
21765217
21762191
21760729
21756994
21753184
21750546
21748285
21746847
21743028
21742800
21734390
21731057
21730204
21727111
21726198
21724857
21723850
21720393
21719726
21719484
21712022
21708986
21708286
21708133
21707078
21700000
21697503
21689072
21679131
21658643
21658649
21658636
21658634
21658632
21658631
21673536
21663921
21659619
21654649
21654597
21652558
21649525
21647592
21646513
21644508
21642951
21642944
21642448
21628448
21627495
21625641
21625623
21625534
21621518
21609195
21607646
21605700
21603163
21602836
21602569
21594803
21594802
21594801
21594800
21594799
21594798
21594797
21594796
21594795
21594794
21594793
21594792
21594791
21594790
21594789
18167343
18164141
18156603
18096816
18096515
18086811
18080175
18079549
18078365
18078202
18076731
18064359
18063840
18057957
18057956
18056267
18055505
18055461
18054564
18053833
18052931
18050608
18047735
18049957
18047834
18045644
18045536
18045175
18043508
18040894
18032573
18032480
18023072
18022401
18006891
18006890
17995576
17989500
17989361
17988958
17985657
17983806
17982258
17981921
17981772
17981595
17975025
17975008
17972020
17965924
17960347
17951250
17951164
17949679
17949287
17947234
17944600
17943404
17936667
17936375
17932045
17926726
17922386
17916646
17916355
17914215
17913891
17913705
17912009
17911111
17902144
17901983
17898794
17890437
17889625
17877132
17876495
17873061
17869070
17853942
17850636
17849169
17848139
17827250
17825628
17823699
17805562
17805210
17766193
17766192
17762173
17761461
17724021
17719933
17718859
17716958
17715387
17707699
17707141
17700969
17700966
17700963
17700962
17700961
17699585
17699556
17699136
17696881
17692578
17690331
17690237
17690208
17685853
17681820
17681314
17680777
17678620
17673962
17673436
17666794
17662673
17660831
17660331
17656682
17654517
17652506
17652219
17643962
17642423
17641299
17641289
17637798
17632692
17627383
17625509
17620382
17617039
17615300
17615287
17615179
17615178
17615175
17613530
17609059
17603939
17600296
17597790
17596272
17595519
17595518
17594398
17594397
17591940
17591930
17590432
17588945
17586695
17584847
17584036
17582383
17581860
17580535
17580311
17579990
17579582
17578899
17576688
17575550
17575549
17573513
17573123
17572159
17572023
17572013
17567648
17562500
17561018
17560176
17558440
17557942
17555536
17554556
17553491
17547751
17546509
17544945
17541014
17539902
17535157
17534127
17533082
17531547
17531517
17525116
17524805
17519339
17517257
17516627
17510919
17510306
14764448
14762788
14762189
14762183
14761197
14757935
14757180
14760158
14760013
14759515
14759297
14754881
14752225
14750603
14748292
14747162
14745501
14744818
14744150
14742736
14740343
14739679
14739678
14739145
14738247
14733315
14731137
14730652
14729871
14729151
14729147
14722727
14720037
14719996
14719993
14718229
14718107
14715526
14714468
14713515
14711349
14710196
14709668
14709179
14706455
14701827
14699484
14698290
14697805
14697202
14696845
14695900
14695425
14688470
14688350
14685937
14685259
14681699
14681029
14679763
14679199
14679190
14675537
14673180
14673110
14671964
14671938
14671936
14671931
14671929
14671928
14670800
14668999
14668433
14668136
14667824
14663844
14663096
14662004
14660706
14660592
14660584
14656745
14656222
14645168
14641997
14641244
14644010
14635529
14633516
14632577
14628907
14625197
14623323
14618962
14614044
14613688
14613541
14610041
14610019
14609335
14605249
14604981
14602047
14601517
14598388
14598187
14596935
14595111
14593915
14593571
14586256
14583596
14581585
14576497
14576495
14573683
14570915
14569807
14567462
14567084
14564043
14562574
14560314
14557401
14556832
14555664
14555458
14551163
14534403
14534402
14534400
14534362
14534336
14534332
14532265
14532035
14529837
14527933
14527202
14526128
14523397
14522463
14521762
14517798
14515130
14514520
14502440
14502435
14501614
14500527
14500307
13679192
13130143
12972400
12967937
12960432
12958023
12957658
12955726
12952861
12950098
12947021
12946232
12943157
12940920
12939925
12939655
12939641
12939595
12939393
12938099
12936909
12933354
12930914
12930913
12927873
12925686
12923859
12923564
12923244
12919146
12919133
12917688
12914781
12913074
12907241
12906319
12897433
12897038
12892562
12891373
12889228
12885347
12885340
12881487
12881448
12881227
12879148
12878584
10771546
10769198
10767489
10767244
10766983
10766914
10766763
10764788
10764221
10762539
10756351
10756209
10751364
10749562
10748197
10746558
10744680
10738581
10738548
10738492
10736180
10733968
10738007
10733236
10729228
10729159
10726177
10725569
10722612
10720936
10720935
10719683
10718749
10712334
10708521
10705255
10704084
10704083
10704076
10699185
10699078
10697116
10678637
10696075
10694820
10692317
10691276
10687897
10686036
10683244
10683204
10681388
10680848
10681187
10675364
10673540
10671057
10668931
10666040
10666038
10666020
10666019
10660962
10660517
10657937
10657593
10656877
10660336
10655503
10655321
10655318
10655317
10653145
10653141
10653140
10653125
10652475
10652362
10652351
10653340
10653048
10652014
10649490
10651488
10649505
10644511
10645285
10645262
10642606
10642535
10640318
10639456
10639207
10636451
10636077
10633804
10625399
10634059
11127576
11102992
10627945
10626298
10624657
10618651
10618767
10615064
10615060
10612849
10612489
10611481
10611078
10609658
10602380
10600767
10605524
10604230
10603652
10601093
10600928
10600761
10597630
10597626
10593905
10541224
10587528
10587510
10581361
10581360
10581359
10580502
10580645
10578016
10577195
10576193
10573022
10572229
10571955
10571949
10571016
10570680
10570187
10562333
10561583
10567629
10567621
10566889
10564718
10564094
10562541
10562297
10562288
10561833
10556530
10556281
10555981
10555560
10551285
10549060
10547891
10545523
10545512
10542444
10539904
10535713
10534197
10533146
10529791
10529785
10526657
10524323
10524221
10521352
10519152
10518596
10518014
10517260
10516210
10516209
10516175
10516113
10516053
10506164
10503604
10503135
10502789
10502783
10501833
10498856
10498841
10498671
10497446
10497420
10495340
10494610
10491455
10491290
10488089
10488073
10485235
10484398
8525663
8519988
7573398
7573392
7545404
7544810
7544788
7544596
7544595
7544320
7544319
7478922
7545044
7545043
7541969
7543698
7543697
8668363
8668362
8637853
8521604
7581390
7545494
7544531
7543684
7543567
7543493
7542220
7542209
7477025
7543023
7542778
7542477
7542476
7542655
7539891
7545869
8576805
8528204
7663657
7585155
7578403
7562977
7562966
7545847
7543243
7543241
7542288
7541001
7541313
7540706
7540975
7540563
7541649
7540128
7540005
9415150
7739684
7643941
7593544
7578613
7548271
7545812
7545688
7543950
7541942
7540587
7540133
7539457
7539342
7539210
7538915
7477013
7539001
7538127
7762618
7578402
7578401
7563015
7545356
7545279
7542347
7542223
7539588
7539220
7538971
7482032
7733972
7537973
7537226
7758076
7538905
7733303
7650110
7607440
7544194
7543317
7542032
7542031
7541511
7541510
7540923
7540909
7539244
7537458
7537452
7537451
7536245
7535746
7535745
7535742
7535738
7535272
7534334
7535051
7534416
7792142
7648295
7585022
7543385
7540745
7539784
7539480
7536619
7536618
7534985
7534982
7534980
7534226
7534040
7533790
7533609
7533608
7533607
7533606
7533605
7533604
7531653
7530719
9678935
7842817
7757078
7719338
7543087
7539743
7539448
7539080
7537540
7532359
7532187
7532152
7532150
7531792
7531240
7530672
7530607
7530246
7530244
7529941
7714835
9506121
8825494
8787346
8680407
8680406
8680402
8677343
8629807
8589994
8556307
8556303
8535440
8528672
7792437
7730972
7707880
7676319
7676318
7599637
7584951
7581407
7581400
7569584
7569582
7569574
7569573
7550243
7550227
7545856
7542524
7541274
7541273
7539989
7539330
7539125
7538377
7538376
7538259
7538006
7538005
