(("1900/1/1"[Date - Publication] : "2011/11/03"[Date - Publication])) AND cystic fibrosis cftr
19285919
19284656
19277125
19275885
19273617
19271151
19269966
19266613
19264980
19257851
19255514
19255496
19252228
19249391
24386532
19247502
19245499
19244346
19242412
19236881
19221439
19219329
19212293
19210628
19209467
19208501
19204666
19204187
19202204
19201925
19182319
19181854
19181743
19181498
19176844
19176754
19172182
19171656
19170365
19168702
19168701
19167254
19166122
19164484
19161244
19156256
19153558
19146842
19144995
19144271
19137597
19136563
19136560
19133329
19131642
19131141
19129223
19126627
19125629
19121635
20224223
20224219
20224218
19114635
19111550
19106752
19098309
19097986
19095672
19095655
19092437
19091660
19088450
19088427
19088066
19085568
19079680
19077469
19074559
19061877
19060118
19059886
19053947
19052103
19050730
19050722
19048729
19047917
19047750
19033671
19033654
19033647
19030645
19027279
19026368
18822253
19020075
19019984
19019741
19017867
19015188
19014821
19014055
19012687
19004117
19002711
18998073
18992954
18992146
18989824
18988797
18987251
18986377
18978040
18973672
18957373
18957036
18955860
18955805
18953522
18953248
18953095
18951463
18945216
18938114
18937003
18931328
18931049
18852684
18851900
18850051
18846344
18846238
18845244
18839205
18833323
18832460
18831980
18831058
18826381
18824527
19999232
18818669
18818360
18818127
18817817
18815075
18812833
18810634
21832576
18807140
18805957
18805924
18802965
18801913
18801689
18799655
18797695
18796364
18794359
18793942
18790990
18788728
18788470
18784352
18782827
18782298
18781652
18779379
18778952
18778196
18773956
18769035
18769034
18769033
18769032
18766277
18764821
18757521
18757309
18755906
18755660
18754678
18752001
18751913
18728376
18723516
18723440
18722008
18716917
18716059
18708637
18703181
18694937
18691893
18689412
18687795
18685642
18685558
18683213
15665983
15658882
15657462
15657417
15657297
15657296
15655684
15655076
15650130
15647273
15645646
15645635
15644056
15642363
15640364
15640323
15640316
15638824
15637983
15635293
15634668
15633186
15623556
15619636
15619635
15618592
15618584
15618459
15618454
15615854
15614862
15612029
15611333
15611099
15605366
15596536
15596485
15591474
15591098
15582996
15582124
15581861
15581632
15580565
15574820
15574202
15573389
15573386
15572461
15571817
15567996
15564131
15563584
15563153
15562795
15562283
15561899
15552898
15546864
15539885
15537723
15537638
15536480
15533383
15533353
15531750
15530432
15529338
15528257
15528182
15528021
15528020
15526362
15521034
15520400
15517342
15516474
15516201
15513951
15513933
15510065
15510062
15509635
15507674
15507460
15507145
15505057
15504728
15504721
15502086
15502076
15498278
15496164
15490240
15489534
15489228
15484334
15483524
15482777
15481678
15480994
15480987
15480750
15479737
15479696
15477385
15475480
15474513
15472711
15471937
15469408
15468453
15466369
15464445
15463959
15463953
15463952
15463951
15463949
15463948
15463947
15463945
15463944
15463943
15463942
15463940
15463939
15463936
15463935
15463934
15463933
15463932
15463931
15463924
15463923
15463921
15463920
15463919
15463918
15463917
15463907
15463906
15463898
15463895
15463893
15463888
15463882
15463870
15463861
15463854
15463845
15463840
15463806
15463804
15457332
15454960
15454956
15454881
15452712
15447951
15389550
15388663
15383919
15381503
15379964
15371910
15371909
15371908
15371907
15371906
15371905
15371904
15371903
15371902
15371258
15367921
15367919
15366769
15366420
15365999
15365090
15364959
15361410
15361357
15358775
15358638
15357568
15357566
15357563
15355964
15354332
15354331
15354327
15353038
15351355
15347468
15345749
15343184
15343173
15342786
11358378
11303517
11356184
11356077
11355331
11355022
11354633
11352585
11350833
11346655
11345141
11344348
11342000
11341998
11341822
11339892
11337892
11337375
11337352
11336401
11336127
11331356
11331352
11322483
11319159
11316271
11316265
11313771
11310970
11309505
11307750
11306663
11306662
11304524
11298840
11297726
11295849
11294504
11292652
11288718
11287314
11286931
11286194
11285240
11284200
11279083
11278980
11278813
11278608
11278360
11276378
11275687
11274414
11274233
11274174
11270501
11270251
11268676
11266369
11265619
11265322
11262417
11256068
11249752
11248123
11247407
11246424
11244086
11243954
11242048
11238015
11237860
11237748
11237674
11233797
11232455
11231624
11228936
11228252
11223266
11219165
11216394
11213256
11210181
11205052
11202158
11197941
11186891
11208524
11208075
11180668
11180400
11179391
11179244
11177537
11175726
11175304
11173952
11171580
11171534
11171377
11170070
11168024
11168023
11164382
11161838
11160649
11160632
11160155
11159960
11159718
11159054
11159033
11159032
11159013
11158634
11158544
11158459
11158395
11157821
10755189
10752955
11155209
11151920
11147574
11146634
11140278
11139834
11139142
11136256
11134243
11134231
11124965
11124952
11118444
11130462
11127489
11114294
11125212
11124065
11122204
11121762
11121394
11121388
11121385
11119745
11119516
11117575
11117534
11116277
11115825
11115444
11113843
11112782
11112133
11110839
11110786
11110412
11109423
11108532
11104661
11101688
11100965
11100963
11097616
11097434
11095651
11095622
11087715
11085186
11083465
11082773
11082324
11078708
11078699
11078693
11076393
11076391
11076385
11076384
11076382
11076381
11076312
11076060
11073714
11071866
11071305
11070158
11069835
11064433
11062445
11062138
11060757
11056553
11056144
11055897
11053257
11053017
11053008
11051556
9204011
9199707
9162681
9150843
9102394
9101301
9101293
9092029
9084934
9067761
9067754
9046956
9043501
9038891
9038820
9003508
9003498
9002674
9002671
9000643
8990218
8989994
8989991
8981951
8977389
8954955
8943230
8997270
21541634
9157445
9157444
9157443
9157432
9147111
9087860
9016472
9004147
9001172
8997252
8997189
8986438
8976157
8970968
8968585
8968578
8942735
8946960
8944636
8934224
8910473
9363187
9206347
9111186
9033846
8970771
8956026
8947061
8944727
8944722
8944687
8944641
8944640
8930836
8918588
8913585
8910333
8906074
8896562
8901608
8886006
8831728
8810276
8858122
8950580
8933402
8933333
8910197
8908519
8908499
8897899
8894680
8894334
8889267
8876538
8859043
8794344
8816777
8814302
8823295
8886841
8886838
9239684
9239681
9026991
8973379
8946114
8892058
8886418
8886242
8880910
8880589
8875228
8875221
8853436
8811102
8707306
8707304
8707298
8702904
8925836
8774755
8753792
8975248
8909020
8869353
8865181
8864671
8864667
8863168
8854094
8854091
8827772
8827771
8796127
8770056
8770006
8770004
8755996
8707873
8698348
8698344
8698332
8697849
8755607
8755664
8663098
9239652
8891382
8832110
8818956
8807590
8796909
8766016
8766014
8766012
8760136
8760045
8760028
8759925
8682497
8682493
8679216
8659542
8663158
8692817
8663008
8662892
8810043
8710524
8773517
9222597
8856153
8799821
8794080
8782060
8766513
8764323
8764143
8744307
8744306
8743469
8684112
8661514
8641688
8640540
8643587
8647833
8652609
8662751
9156806
9156804
8967457
8967432
8860012
8781024
8737084
8737083
8735651
8693270
8661502
8661489
8627844
8627804
8627456
8616723
8613364
8613082
8626632
8612275
8732222
7509347
7509311
7509310
7508183
7507187
7507932
7507247
7514569
7506258
8163293
8081388
7905085
7875409
7752530
7752527
7752526
7752525
7752524
7747883
7584061
7538608
7536612
7536017
7532022
7530553
7530552
7526929
7526928
7526426
7526425
7524915
7524914
7520369
7517268
7517267
7517265
7517264
7516644
7516643
7515441
7515303
7512860
7512145
7511023
7510872
7509685
7509684
7509683
7508190
7508188
7508186
7507342
7506713
7505767
7505422
7483182
9137558
8145780
7514446
7514445
7513889
7513888
7511584
7510877
7509232
7509231
7509229
7508414
7506492
7504926
7504691
7504645
7694659
7693699
7504277
7504271
7694154
7694150
7694298
7506605
7506096
7505951
7505601
7691415
7692307
8211164
7692448
7691813
7691179
8290318
7693946
7691712
7691446
7691110
7691091
7505694
7505693
7505692
7505690
7505689
7505092
7504552
7690761
7690753
7689566
8411712
7692736
7692051
7522912
7508815
7505587
7689062
7688697
7687737
7691870
7691356
7691350
7691349
7691345
7691344
7691187
7688293
8222279
7688000
7687995
7686146
7686820
8397274
8249168
7692049
7691715
7691449
7691448
7691059
7689898
7689897
7689896
7689846
7687986
7687826
7686336
8501582
7691840
7691068
7689013
7689012
7689009
7689008
7689007
7686720
7686701
7685387
7684717
7684379
7684377
7683773
7685107
7684560
8495645
8483936
7687845
7687784
7686577
7685652
7685651
7683581
7683418
7683197
7682274
7682896
7682188
7687208
7684944
7684943
7684853
7683628
7683477
7683368
7682984
7682824
7682778
7682775
7682463
7526932
7681548
7680769
7680767
8364747
7689916
7689915
7686304
7684644
7684643
7684642
7684641
7684640
7684639
7684638
7683829
7682954
