Melanoma-Pubmed-Search
23352437
23134699
22613716
23460532
23408545
23259392
22310726
22466331
23483974
23593420
22289880
22524673
24015299
22713795
23150715
22109345
22421160
22283601
23435419
24051549
23438382
23090079
22495669
22334655
22027422
23249108
21083648
21559411
23330781
23560068
22493370
23262440
22484191
21447719
23306915
23203930
23341990
23082737
23064212
22678096
22714791
23483943
23454771
22992515
23371260
23020081
23941917
23029050
23413908
23833564
22552381
22441657
21074060
23215674
21900389
23146306
22516968
22329580
21331745
21245091
23192275
24107912
22397654
23295794
22889847
23190886
22677983
21074062
22443134
21544800
21236563
23785471
23047236
23444228
22393198
22500861
23460165
22987943
23299197
23117962
22956035
23535073
23242086
22270078
23114509
22138079
23439861
21717063
23316667
22560555
21976975
22995029
22006439
22453021
23432398
22800555
22727601
23235751
22030452
23169436
23151945
24455677
22895835
20842056
20669938
20736326
22002671
22530681
22196270
22894884
21074064
22354376
22033581
23171508
22051508
20309546
21070480
22622238
23010398
23400564
21913827
23181437
22496203
24167550
22702482
23365463
22915053
22735940
22123319
23369684
22614944
23135134
22674435
22849352
22584081
22130166
21833591
23569358
22130164
22735804
22091682
21336089
23211837
22261672
21842208
23188634
22271879
22652330
22495329
21088057
23076642
21853302
22553342
22918923
21861214
22180676
22306905
23328435
23122388
23102192
21858838
22350184
22142824
22077831
21554048
22374986
22234256
22658128
22432863
22281663
22694829
22945357
21802280
23057750
22864522
21958294
23244384
20479946
22027908
20809904
22416995
23203681
22658127
21241513
22752507
20593249
22788688
21654521
22506061
23043499
23325649
22495392
21593445
22467596
22339359
19752745
21730877
23401871
23403819
21389874
19752437
23226069
20385998
19648604
21248148
19447871
23428928
22020206
23282240
19544689
19074257
20804089
18452610
19090009
19383330
23008334
24829755
19544692
19769743
19238020
23143694
22159473
16179866
19173168
23211623
21957431
21618136
20460472
22351686
19748188
21389099
19609591
20682365
2472199
6333489
19622578
17996669
1901514
1576321
23390376
19381273
22539938
19695274
19880049
21245693
19788056
21784635
3625231
3378376
19221743
19104936
21402711
3464977
19728704
19222552
23222297
23709210
22205715
20631075
20963412
16024647
9181459
18621475
23400950
19893037
22420641
21074058
2921609
19895243
1768367
10213230
20924644
487647
8610104
19018089
14696099
9816036
19704071
19052265
18509780
2798319
6332614
19519403
22751559
22547608
7590407
18311489
8877722
21525398
22127365
16187086
19139427
19052742
19752746
23302905
23427296
21292811
19622722
20334952
22547587
3753057
8402738
22220281
22563888
22093063
15565329
10209966
20795360
2400994
8541724
14564483
22918929
9815532
22820413
19683430
23977342
22078038
20651020
18310066
12690298
22858559
18698043
3973645
18427047
9607568
20433206
2040532
20551831
21242854
1731316
8319494
8275478
1379962
22822589
22215850
19934295
19630913
428146
19538054
22028176
21954698
22459268
11579119
20453212
19890834
2678081
2032216
21349367
1422196
3112602
9710747
21103628
8161881
8162593
8069095
23357570
14614001
21806402
10215194
20855675
23480032
22370387
19242368
22538857
3883034
1861071
23522708
9816218
10752477
20547866
9815810
8061900
2752392
11845255
6208119
18612161
21789148
8692806
23380815
16204013
23375534
19222802
17583821
17363539
6827100
2254463
1933867
22085019
9797138
23333935
9085122
21282337
22385786
21193119
8471594
22367213
23471977
3665201
20068221
19088032
9426699
11835199
6966494
6737078
2144210
58033
2654956
8885132
23322673
16303921
9256911
10791855
4560726
9738558
11314934
21792658
23401099
14618628
19843856
7538980
7691291
1601982
22506716
18992025
18334033
3074088
17680564
8884144
16818644
17960619
15009731
10505851
11331315
24246991
2918552
12478006
21072887
6876435
4419401
19409041
3967227
19318477
21368459
16422255
274006
21165950
9456440
1192356
981971
8930655
18351335
4634085
18497986
1532818
22328018
19862658
10822463
6966434
9862627
11188931
12714409
10382738
11418311
6881976
8677905
2720681
15056043
1417196
2787972
2564593
1708352
7597302
15788145
22496463
10917210
2513378
10925366
9403050
11092033
18596284
2065322
2699710
11156253
7214297
10223732
1516051
5546295
15312676
11710911
18719913
20095041
2535260
9664134
12491520
7722094
7042539
18444964
18617916
9711536
3397410
10475241
8104688
18604661
20736366
18566444
8368734
8156489
11191112
14978085
22095092
7590824
15534492
18335655
17027091
9241074
22532596
305818
22442042
14991570
19801515
223123
9216084
324610
17878392
8641848
17088396
15447721
1078333
19032371
1124416
18829498
9090646
9159146
2139701
2286793
9759585
3677123
6165996
2103354
2532801
1831040
19410661
2818873
23043025
18625394
21591821
17505265
23212197
14760074
2302705
1716515
15930353
7636534
1102163
3502618
10494132
11953895
51836
4139412
3842314
18235114
1700134
7141736
23293080
18617917
9179215
15833876
17053850
4028024
17982122
7510237
2074442
800239
10365660
1914279
11859147
15262312
19364969
8823372
23023583
1668533
22193102
9323148
12198771
17911456
22842979
3896641
8104570
16799340
16061687
16421945
9824048
15627214
12241546
3466179
8971173
20128876
8597337
6437660
24058588
1079770
12649746
7627996
8101473
1779175
19001144
3318756
23213069
1504930
17932815
3844970
11007933
16299253
8583160
15914339
9743360
9849403
17013085
4424564
17488182
15577320
22158488
16567969
4599426
7600558
22394368
4802043
3544072
9414396
22484292
12731059
18774925
2937529
17545540
12407510
16000590
18007072
767300
9560967
51835
1709658
15756643
7779602
8368738
9060545
3293849
8507882
10354072
9195560
3457973
20722590
688694
1965137
12380059
21416774
3129542
15386406
10363586
10945621
24278787
21082123
15965647
6734821
11417749
8111190
20981424
9475665
11360930
12357321
1122496
15703492
12788647
12397091
2688034
7495278
16034302
15256470
10778963
3261800
12444803
19276652
16087944
8305217
10745167
9506534
1138401
9740553
2738650
1439444
6372592
50297
20224467
15840314
16000065
1591309
1718379
2149997
16162034
12170179
7488605
2650593
7757329
22758905
14502781
17927572
8962129
12096926
8441268
12170187
6191806
7728774
3896477
16623710
15062290
2957470
6606628
9219731
4555924
12514432
16022577
9789055
962991
19903852
3946530
2417097
10380932
4211029
15333663
6699726
21462302
13361125
2223406
1250045
2755570
8622089
15091194
12703215
6999351
3125569
12213288
8280705
2938689
347171
6897920
2705759
12890197
9466650
8280715
17898868
8811494
8667055
7681492
20844595
19667089
1906286
2417333
12883649
17324216
8324014
1409412
16778219
9816311
8575861
11888867
19752754
14984582
14615412
11092038
6416794
12684396
16489041
18295790
17404109
2696715
14431505
15627888
16709800
16187083
9167175
8368731
1220917
10890375
2795606
9820172
18157673
4269702
7049448
4338950
3368493
7107099
9289394
8844266
18528300
7552087
8523067
3779629
10881694
1701809
15617995
11350910
15252201
7752341
20205624
22576346
12873997
5697377
8783581
3711664
1154026
5823074
4612607
12394191
5959775
17460736
16574856
10418240
1300752
56396
4358536
3148669
6191718
306389
18472639
7989121
11714839
20506368
6175787
7076864
4439501
19808958
8184021
11807440
11244893
1391235
8778032
19934317
9875672
6607111
1615371
12763476
15515159
9329604
18432774
9696376
10737389
4565819
16967280
8081557
16790087
10447583
21173239
8207615
11390488
22014541
9435868
2715010
9755879
7893808
3291766
22199278
538574
4574391
7728776
6894714
7867078
18545145
9813669
2252605
10361685
10881692
6024295
20703038
15761475
21254282
1756533
8162967
3496153
366898
2925221
18698298
5356855
12850810
18519788
1726112
1154259
15897597
10628380
22736604
8090750
12653733
18321236
12715240
8348939
1445665
9615794
22976830
8751130
24212784
15711560
11751400
8072459
9741910
9216689
16937114
17575227
12019160
9361057
7533665
16464564
8008162
4419473
20592351
2068153
9059335
17870669
11265641
20179681
7606887
17823640
3793501
11468510
3584981
2380745
173868
11385959
20525246
11749120
2026470
17548797
1107254
11150901
12573110
14089661
13130261
14695757
19514119
19255430
20039300
20126537
11021598
8706049
8603809
17703297
12142609
11967700
23835997
3327413
2417343
3860152
15729692
8029455
10093036
471469
6085705
18202224
18463542
2370186
8021742
4123794
6324637
23273924
7829891
6455051
19223535
10742135
10384122
11280763
11437328
15635167
10815882
9111584
4588545
21960036
7389200
375447
4727396
4643883
10550578
21900388
8444011
21070915
7672929
3093426
10838666
8039113
844045
10416604
11904424
20551638
14247590
7607013
10451027
1515096
4988972
23060541
12942200
18405863
15120254
7613641
11156217
2360981
17258524
946896
974003
12141397
20350629
10374675
4746912
8785710
2386979
15871677
20698721
19249678
18829492
10874498
15350041
9650549
16867862
16565324
1611818
12560234
17635809
1594086
6744258
15990451
2868789
7517168
23588666
7988383
7988384
4725442
16251873
12093890
15755628
16040333
15053862
18234239
2533820
9258449
16508439
22648297
21670396
6196485
8300928
21246638
19654875
9164443
16616155
14711364
15173017
18713984
3079797
10519410
16244797
22297636
799760
16309537
5429437
15300212
8368767
9548542
17258887
11845261
7774619
17616706
12874204
4119105
12531363
10850386
7350048
7040819
21212415
16034082
23225247
1835569
3802083
2728381
6365440
19143470
15613692
16510600
12054066
22609631
16684666
4563804
17330412
12820408
15728472
18214476
9201290
1338275
16708388
8993003
15781654
17545548
10504171
19722020
219468
395044
9050255
16470809
6607324
15578105
14321153
17671217
8297649
4418183
1123850
9888698
17696822
12653847
1094178
22805148
3588320
11004679
7738650
10640610
8638615
767115
22737606
21195422
8235605
8875231
10757129
15928093
3791249
11953174
1678311
18519778
15901587
17431617
18957891
22095287
14695161
10586088
12034846
4904782
22423263
6212558
8635190
22234916
17959194
16395592
14583496
17332366
14517444
236150
4132265
4627787
6460216
9928550
17913245
11175336
12074208
11894998
1113599
1309225
14148223
3989307
11244047
798321
2084412
18162997
22142822
12445288
16882943
15800947
12088418
12768633
7009439
16454657
5284416
15818383
16146735
7682381
6788673
19361704
20826047
20703049
9122222
16530895
20952758
15838383
10395644
16481646
20530670
8642255
1458672
17135653
11121215
15879094
4633407
10611107
10228040
10805221
16617160
15068853
2340468
17235306
4812256
444123
17081598
8646558
62399
11510503
11493377
10380127
12070308
2001612
16428083
17483352
302878
7681371
12720157
8214586
17549380
314937
325016
12601523
12296474
18628452
6891963
4846414
4909850
18483274
11464887
18297464
1757109
15599930
7621259
11739876
19444908
12553374
17471588
9066672
15725510
11526222
15970695
17449328
2194216
22915761
12070299
15173002
19147574
9406719
17979944
11691800
12782611
10797297
15957966
10815925
2332102
15312342
7534259
16225767
19796467
16080467
19025415
17912425
18277093
18486988
10852128
21533460
3259674
7595212
10505552
15699142
14581345
9815699
65207
17625599
14629821
7850528
17979602
7459817
15022725
11856818
11593034
18540532
11577591
17630192
2091502
20641453
7988385
7693434
16273260
15584372
8386711
21506644
17227118
17927027
8175664
1403042
14663571
11979098
18790789
11756950
17103257
12923563
11369137
11900992
10388104
16424054
18537262
16964374
7881100
15500402
10508491
3258541
10212588
8509228
8204946
14770441
22812022
17441676
9849459
9816306
16926631
17295916
15833826
9596976
17274366
8959628
17875750
1734943
14707275
9538511
7923209
11059638
2808648
10515601
16924242
12728254
3873633
11119258
15493365
17685394
11203450
9755873
3259468
2043592
8152278
14735692
1711288
16001179
17906988
7896492
18347143
7675649
15956252
12239629
11275975
21433411
20641842
20641545
23534080
20641728
10958054
9258814
15639024
10482011
2398302
18299892
2629196
15891881
17332737
17065489
12162702
17013534
11306719
10846546
15605911
10846574
8463099
17115383
15851011
10357561
2921610
18056166
12847141
3767196
10637892
1501443
16710719
17366974
17979992
1431559
9839518
8797767
18520039
10387328
9816099
9829745
7763004
9058809
9502073
17645779
9696372
15480264
11289403
