Sofosbuvir-Pubmed-Search
24209977
24010644
23607594
23183528
23499440
24289735
23499158
23281974
23607593
24154738
24262278
23848533
23982366
24215243
24316172
23745021
23448131
23593993
24253934
23499157
23930097
24358046
24764785
23891655
23944317
23913349
24764786
24199288
24022206
23944316
23721818
23545519
24847183
24070654
23177286
24102413
23090932
23621117
23137126
24280292
24010641
23817323
25165553
24272069
24254131
24222938
24073301
23844410
24421524
23286853
24209978
24114813
23764906
23722330
23499437
23636373
23607592
23678562
23177285
23322006
22430955
22212584
22212580
22105465
22129981
22060553
21916475
21867940
20801890
20845908
