17409387
12350514
20404417
14757846
17941806
18757412
18665070
12970742
22734234
12886034
18638015
21213211
18480538
19043929
2188514
18193085
18297808
23650172
20110136
8735848
14638359
18581899
10717621
18353508
22136599
2808618
15365419
17699825
18581895
11908924
2294820
15828110
21742679
15634758
20889724
21545406
11815750
20530734
19640665
11897290
20602130
2278247
22418759
8016063
17917394
6417130
3549120
18713554
10820269
10999652
7679140
11774258
21555814
16856292
19622835
19186350
22187315
20633124
15735452
2354452
6231102
17216860
15356820
2294673
14669727
19405959
8166170
23294034
20824308
21351436
18038269
20088823
9669687
10537148
16962669
20337712
22705533
19345581
15571495
1797378
15685732
1779693
15086519
24167249
24521642
24260208
15623796
23503454
1467512
11950938
18673323
10899080
15341498
18977995
6279738
9792381
12432281
19566959
11350664
20484415
9449534
15001327
2177451
10968278
11246701
22956396
1379854
19474471
12879265
10748883
8188764
16684519
17178870
22691718
7545297
20504876
10371177
24588118
16420258
17372901
15246372
9848118
24028855
9310290
21273371
16007119
20553608
22262759
23804564
16427046
11015154
1673837
14603888
18467790
2003566
12478089
9550431
15193259
16920718
8540759
10546884
16188962
10438378
16336001
15665629
24938872
8892912
19118495
18206198
22842708
20502316
9586055
19797610
15661269
9917118
21335610
7684930
1324532
8977400
12082287
18570695
4044575
19608218
12670444
18936235
11694826
17155905
8108218
22107262
1590675
19193721
20676141
23331973
22511335
20215619
3475038
16303077
15167626
20593161
19586679
19628339
12817750
24147065
17885302
16278817
9388675
22402346
17559061
15504868
18227088
18784459
22820612
15375551
1309930
8852682
12135009
20068138
9159798
82926
25454106
9330760
11581229
15034675
7273014
23162897
20827217
11286662
19705579
7916226
22429826
18421780
18855969
12652376
18753181
16415345
21062306
24526468
12461418
19900843
16005997
20075214
21498150
9675636
24945881
1768385
20200495
7529013
17303396
22413959
18350610
7666547
18792778
19502538
17434845
10767426
12859873
17640744
17397665
8992098
21876464
1489776
11562282
20006601
23071917
24469047
17244722
23247865
11454993
12514122
10686802
20360626
14991445
22798206
10340396
15864329
10602732
18835341
10724138
18644364
8381867
10399200
15983032
23220010
8381181
18616998
21646424
20051170
24724431
9158860
11600293
15072595
2154678
18983911
15673742
11850848
20008037
16862187
16152706
18796352
9316365
15197554
18343270
10933616
24646477
19636064
9415530
12444252
19110065
16732315
11717361
21876116
3024561
15617840
12922938
20798404
20392079
12115583
15362668
19667288
9776343
12478616
17112914
19359247
16286253
17995901
12530032
11716171
21268126
20434464
9198558
25080850
8389526
10864682
25433669
10908523
16232215
24200905
15011584
21338232
19906113
23734214
19706735
11774996
19262480
20015290
17251461
11362682
11134138
20843786
11603362
2159705
8147937
21835786
16939967
15504029
6206865
11365585
19443705
14696542
3190693
17145808
17634956
24930954
23719354
17416522
16186358
20335265
11937295
20019239
17379599
8931934
18664991
18621564
2610128
18802650
1606059
12149144
11821379
22438208
15602127
25323793
22580562
22679760
21282453
17178796
21173560
9885221
24752421
10623768
9343170
12729831
16861754
24205323
8787554
22427821
11579258
16776974
15788883
19961932
17194693
21931113
17973327
23794669
18922704
20351530
21533603
19118970
10537159
23363916
2261137
8878611
16873289
20587783
23982388
12644265
16724694
7507441
14694989
12804642
19827134
24141057
24922574
17458947
7970275
15725094
11238189
17591942
15693093
10712621
16410134
21325635
10972981
24618351
23896476
25192497
2865599
15919070
20116621
24346381
19195432
19041894
20971513
10509923
17317695
20118908
11365619
15183348
20404738
21827487
22026933
2482168
17582222
8231374
11894663
15204933
19321503
18408363
23922868
19801676
14981673
10235510
3009879
24979766
23173702
15696122
15517913
15312167
18199977
18079322
24378944
16162169
12420877
21997489
8762073
2166904
10548259
22725138
9098665
22053105
15056713
23178376
18637986
12632077
20499831
2502840
22217676
11367131
16595637
8970671
19447772
18535299
9638682
15905744
14751847
2929632
17237623
2163639
15522985
21392991
24026200
18087103
24165321
17502736
6184033
15274298
12031838
6275080
22252501
12596861
12765241
18793823
17475960
21670248
20190099
15959631
17638913
14974332
24384694
1708760
15715222
19523958
9696028
10075146
21447871
19523918
7534237
8835112
16788844
17434879
8195601
25263523
18446845
19439089
23706613
20813971
21158116
17418120
11965540
19509419
10416523
11363441
24269708
1714958
20621845
8472316
20158144
18294657
15034216
9188909
21292685
19607912
17229185
20082561
16108046
20060474
9252557
19704175
17317163
11136840
1837374
11698706
18701502
7518691
18160524
14575868
20842201
8941223
15073682
16787876
15035290
11364364
12455372
11393701
12631687
23936132
12678726
22190396
23335197
22088824
21751874
15140981
12547202
12859346
15991050
23726395
16682205
15817645
20385969
8947989
11504984
11597382
24211490
23345303
7594660
24338218
15001348
17048958
8958045
19583845
16868480
11144647
17608974
11123420
16524368
15662582
15113022
16519602
20530680
14724329
12832217
18845131
12838503
1315753
15340650
8628377
15735445
9101748
21436722
23319800
15682386
22682979
10758009
9705178
18319335
12413883
15865222
19414353
9860997
11918076
15755557
8728377
12760667
11897683
17087051
9411773
18240928
20935017
2424353
16330850
11181175
18030065
11722648
16480869
11507751
8943920
15048918
15011769
25212776
10623638
14662731
18069378
14996401
16884295
15569261
12739138
22003534
17602818
9299630
9148403
20519274
20704734
9617768
12668966
12759237
12126728
1326275
21282419
16464642
15133698
17390477
10448359
11363388
17982673
23227887
16510291
9556059
15732867
8095980
11454939
9927185
9328131
14727217
9525430
18280468
3111026
10922985
23717636
8629818
15496648
10868970
23258843
9886430
2480798
2014435
20159939
12388184
11097113
17393107
24712846
21167503
18664600
20525731
19824040
21839519
8827210
20009910
20406739
23602529
12543234
17459913
21056597
20841504
11363839
19035457
21613802
20384581
21735444
25455312
25460311
1753716
12487384
17280738
21616109
12394791
17577102
11012754
12617097
19195865
19015327
16394847
23510448
10693747
15133023
10342838
10669360
2440379
12942127
22489300
11850443
19034703
9490823
19186969
1338968
21441404
2729965
15358301
11322251
9736739
15646066
16982890
15722553
10996397
2447045
16835316
8031047
11691580
25304644
18082402
15523635
15701621
11810878
1524593
12819855
11548368
10954053
22383524
24117365
11401675
10931506
21115976
24586847
11272093
20194692
12799039
19631932
24760886
20642687
1314379
17342771
17981802
20978197
12861025
2558542
22312127
24955798
22024529
15573894
7914242
21940234
15381372
10381329
2108496
16049975
16014767
15828103
11118032
15362956
15927963
19610066
16989981
2861426
15154967
19424607
17545213
1842077
19648110
15844214
11364100
15028735
1429579
20643914
24736906
15670832
12968087
8642636
11948456
8100579
286846
17566690
16060672
23313320
25107704
11304678
15161837
16614966
15369445
8725995
12039632
17502230
8356022
12577199
15671045
7616988
11953225
15630177
8460318
16246908
15773916
22480850
10356140
16732905
15715482
15470270
10898688
20554536
19766439
17244451
17438405
23774246
10723287
12220243
19652591
20346402
15228081
12904074
3278063
11561081
10446253
1323615
14508885
22429332
17323509
15265769
22057858
11013121
9292778
10084682
18711744
9772220
25344158
20627456
19582879
12858405
11920574
18256400
14751787
12799559
18649220
15757891
24803853
21196896
21059650
21745500
24516600
17945442
11156238
16049137
12362302
21849398
16385080
21846671
18058237
7527556
6200446
4115520
10389305
11367133
17952126
7861024
21763422
23039030
12676495
24415355
17065051
20657647
18704831
11590521
17496931
8903178
1714507
17146078
21233336
24058655
9369811
20923373
10656998
12473960
16284533
25134808
23053891
8877763
10076507
1908338
12353226
25259833
20382184
11058531
19084939
20534983
10710212
22345647
23720316
7885970
14601554
20188760
22654459
16087165
23128598
21981656
18604136
20435036
16615616
18978479
2299826
16408789
12749422
23554447
19961388
12001042
15942665
6179137
7646931
18520779
25056835
14523677
11142351
21292352
24699799
19569179
12680220
8509981
22546723
15386188
17369752
7139651
24137323
23325846
17208328
19023217
12737135
17073618
20386069
15218216
22301389
23513224
22258269
17313858
22086103
19715783
24762127
23362285
19764067
11888582
17350990
23494772
23919305
11364709
18400858
12431981
23877618
7903830
19585516
14732229
18160009
17653758
21291945
14598318
11363248
16885104
23281182
18448096
23134577
21354814
3581416
16019509
16434546
11173740
10682147
11086107
8239582
19345729
15150132
9086430
8100500
17760815
25350959
19575793
16634029
8485175
18947327
15822618
23288568
22646049
18667933
24925216
18070970
16858125
23234726
11498763
21984511
10780711
21570463
19372976
8452946
15671802
17455606
19157820
15239126
24432594
8879315
18824956
19783232
11715901
16476420
20133503
20851997
3119457
20013809
11013760
11932960
20589425
11242181
18522674
20371731
11907070
12653025
20082419
17914565
18979278
9417536
18453543
22134873
17571209
1712214
21371995
15897882
16423758
19239358
23247755
21418698
11306154
11362141
11775800
8582114
24695352
20423230
14600574
22123685
22490414
16356494
18021257
19696166
19056891
20427469
25341667
16479572
18090046
21402840
17697727
20071760
17335563
12043078
18480202
23458524
17205458
20691082
15020774
10889180
20383645
19029025
10432723
10397574
8241950
18795960
19476704
23093227
14696461
15651750
15122082
10417615
10681513
15763241
9154967
23454130
17177302
15788898
21228388
75988
10499597
10894283
16440988
11118853
15351346
17570240
21984687
14531020
22146448
25489981
16261158
9110077
20183577
12021341
20821229
19659609
16341747
9517993
18201829
18287960
9765501
20843817
18335465
12488298
15482105
21138526
19094985
8854620
21151013
7685982
15965266
2111159
22308290
15234981
8421163
15180458
16283698
18096315
19451798
19856310
17855574
9045902
18347096
14749328
22114338
11366839
11269652
17090139
12022902
23548937
22316150
18783324
1378513
22985869
17133160
17446261
22749508
21625639
11366352
11530112
24784763
17460478
2891701
7697440
18299427
15664527
12362305
16269276
2543285
2981033
11751124
2514732
2471525
16569743
23230598
17468674
1311058
1847499
22709511
20034140
23631411
1540413
15043145
12220625
15156928
17101742
18073130
11268451
15036626
12649745
11364247
21357305
9769873
16004996
12032876
15371628
11524922
11513587
14754429
14557382
19917705
11085587
22310790
21317295
20618998
24623213
15457680
12407485
11226317
11734735
10465088
18541630
11391166
10375270
9619796
1377403
17550957
2563286
15040539
23835524
11113602
21520056
19372585
18223264
23939894
16670350
16956905
16416002
16022906
2157421
23381930
2471054
21151870
24867973
11797190
19323782
21857970
25064035
8289347
15161699
15071361
12708800
19019978
20100497
1355658
20600329
2644792
11216946
14688452
8360835
17178445
24740633
8151270
19123194
8940209
10708289
24067722
11559430
24418325
22944197
16452552
19801843
7938397
23287562
18974785
1318470
15218344
8247034
3476852
15249569
12582013
18187603
11363907
12665251
11061655
11790791
11595649
11245427
18838589
19483304
17325663
1327173
16724949
7715361
21532288
12665850
12824787
21900727
16107993
19424569
18505167
20709800
18801031
20811039
23319603
19883100
17786208
24979446
22615988
17645499
17355970
22555080
12211016
21857947
20038517
23148287
22090297
22982565
21576443
19104181
11115955
16686283
1823910
19548857
21205147
18717824
10673996
21586513
12662125
23801609
8956977
18001274
10770556
12931563
12890352
24687271
9084795
11060045
2484912
11364219
16980024
14993796
11948850
25202920
24072142
12370520
1689452
25135429
19408683
25270204
9723886
18953428
1565997
11839142
19096042
11131453
23134532
11938061
24032624
23687292
20460517
15155132
19127263
17940565
11364519
10900045
10772710
19952362
11246889
12218390
21366328
24710918
15656811
15361549
17505508
18628783
11592501
24374067
17937095
21363936
1475360
16207149
15870949
15623377
16831598
2572282
10575660
19914127
3009854
23497456
11570256
16120293
12112390
17712489
22551322
16227792
11361977
7518207
9705072
10502254
23197771
23375306
10030167
18559527
11007586
21173746
14555296
11364933
12939189
2042538
23784694
17577960
21487108
20930383
12114433
2480126
17827743
12507935
1849164
8385427
11363838
9862790
11365530
16083424
24564313
12203183
23532381
15387948
16371363
16549158
16407557
19208663
12702554
21647156
23645773
8985298
20720524
3283120
21124826
22222094
20030587
20595817
16037992
18384829
11448356
20876213
8272404
20222172
6320535
15685080
17578790
15746260
11579241
24012638
11698703
20030841
16052530
15862290
24736440
9801185
16678037
17635610
7703847
21081927
9859956
17356266
10942434
23023992
10962392
9733415
11881997
10385323
11392691
10773026
24058300
1286047
25068117
17219666
2457313
15509701
14565280
10189685
10443208
15821394
16524557
6252867
10682126
19956658
20565244
16912396
19966802
21856919
18596654
11653141
10763882
24265228
3216304
14670591
15992379
11159560
9197981
17182072
24450438
21953939
11364757
18768589
11044115
11704769
23295643
18978480
10985115
20378349
19645584
19708170
10698190
15565429
20022093
11133658
23462194
15182534
15901131
16150881
19243472
21262114
14675866
21585381
18037770
20935071
1812943
12856274
16130520
18569788
16307706
21883327
25424771
8389735
20861927
25066280
16529832
8318177
25254383
18369814
20084080
8378098
15764207
21514418
23953582
11179047
9495391
15967989
16988768
16584595
22465710
22155910
12715091
9819361
15277352
23950208
10188911
11468421
22558455
19785664
1347321
8269280
22294158
6269579
18181098
1429075
19445707
24667935
19374518
16183705
11853228
18458648
22510357
11964529
14749479
10993124
2589846
21214671
23467792
21452383
17599297
19497989
11430426
16184024
16387697
19422074
12853759
23258301
12947136
22464779
24460582
17325258
18433925
8823234
2329572
18615424
18262749
10723504
7533105
14657766
16787337
9110063
22826617
15728653
16884687
16778684
10421245
21266552
17158602
16641448
19250292
15067628
2292697
1535216
10456828
10612317
19403618
7688822
24002095
19005279
19130609
17903248
21147132
11279125
16610780
24240686
23009557
8286068
12809863
16782353
22444241
1704066
11546939
18056453
19151386
8385974
15936112
9792371
12194746
8566991
11709312
23275123
15294940
21115902
11100093
18183578
23187940
21651820
11243200
19513966
16905788
11101147
12142386
11282182
11357356
11436644
21423202
2117301
11415441
19493612
9662215
15373038
11133370
12086398
25404202
23564797
18066910
23526668
14565291
12716723
15073112
25054756
24101519
18347135
12183450
11504981
20579378
21036772
11737326
12616113
25017365
11365644
10839658
7683133
16816557
11134468
17854030
7520683
25345373
18838591
17913834
19596921
11425650
12161100
8709398
16050493
21252454
20347295
12594232
15068669
1329182
21409596
18572750
1318909
22907845
22572708
24824988
9585168
10550222
25114163
16732320
12802750
16781746
10329404
11526597
19393267
17515292
19494838
23418593
23001853
22665126
11362426
2363159
1370174
2566637
3012524
17276572
22608542
17684823
17310827
21778614
19562754
21519161
19802013
25239496
17033754
22714856
19933182
14609530
16019149
9279727
23055541
17852184
20073283
12354421
25015419
24228003
16574666
15127302
11089613
16751202
20038621
2101900
7624706
17919915
9795343
16778082
12552318
8098465
12623754
16889763
11366345
16540638
17046299
24135463
17326249
3343891
2826994
17540720
18434949
9377778
17311619
24463266
19116914
22931421
19389848
12700457
16817140
12043079
1842058
20104519
19662724
16835464
12548514
19343172
19082471
23349840
23771811
8648598
2466028
19032850
24709063
18046553
21741472
17438321
20039714
16788215
17193287
24963126
11717419
11389114
23265729
20025870
10798649
9298086
11808752
22522400
18350315
18971601
16529721
7448831
14749256
16062080
19632886
17663538
17683071
15962081
19106779
10737591
17826179
11068807
15006080
12132441
22815755
24042031
12679154
2159703
21270507
24498025
16257644
16203269
7525852
21304052
22111602
23525026
23537707
12734778
2887768
15523695
14586499
24585880
22666853
7932583
20111609
12902345
21335203
10681351
23338486
2055807
23400595
21730129
16868750
8202277
10594564
12500974
22340335
18423848
9835503
17483019
3553844
8863530
2536780
11527951
22573849
2273959
15501159
15161906
11322876
9952363
16935453
20849372
22331986
11344352
11559796
11273171
10721817
17243021
20847954
7620509
7542922
23762270
16636665
9333147
20554530
12971909
16541140
25090621
23056222
10534730
1909542
19647865
24913813
18936234
10532854
12735215
21743991
9329506
21332537
21316541
15576458
10320951
25170294
14693528
9853985
11696815
18691029
8377122
15540202
19483323
17125603
22664113
10024307
16421366
17667341
22866946
12392585
23523860
9130587
15585079
17072103
14562854
22385435
12963045
24553694
19759355
15097150
12200149
14523008
8020629
21280612
21411444
17195766
18092325
15601555
9775204
21771725
9873664
10935489
10503713
2187963
10689873
14715797
10469815
11221608
23437931
20150263
16152702
9988132
11510265
9923528
17475922
9374708
11238122
18574853
3639741
11753652
22302096
12669967
10338365
10772627
22644988
19222094
15504300
9049201
11776105
12389881
23103841
3341737
15844081
8112368
17390074
20675358
2504827
17115413
11225849
13680285
22531959
8782016
14685056
8097417
8031046
24851929
20594262
17461857
2716142
19258271
6298142
14557107
18403780
24068579
17524265
11399957
7526196
12942665
20206766
20801782
16879221
15448116
17644816
19581632
217956
9067269
12680360
19938192
6236189
8474544
17846398
11365896
22732882
11724651
24349023
23042706
7569948
18025200
12231019
21250863
9890417
11508649
10866240
16865277
15449186
11657296
18627275
1343971
24615786
14764084
19509115
19777131
9887265
9384869
10773542
17056579
18953863
10806994
11362592
21307302
24850755
16633368
11854153
19778906
11075421
23719352
17486081
7518879
12561973
12576450
23241386
9403512
19344364
16575745
14518706
20515418
16904269
11362796
25024872
12670304
21768223
24670806
19865033
15373044
12204968
18413811
18670825
69257
12772056
9691440
16913839
11365379
16101596
9223751
11413308
11365496
21849975
16609007
11574667
12626888
2012453
8615876
20722064
15880881
12240558
18450727
23532095
21205092
16260906
23362284
25034480
11032526
21307623
23877688
15149725
7508989
8548347
19625175
10921947
20735427
16674601
11679914
15170628
19912653
22944657
19513548
23966291
14755611
18713437
22391541
1374986
25444930
11256248
19735876
12963344
10206185
2955796
15488032
22382151
23403432
19153208
16188255
17136016
19359603
16080577
8622228
24607174
20175753
7943765
9708426
14738806
24121782
20559153
10480632
19491902
24460358
18442195
9952358
11964153
6453645
24075863
19110664
18086411
94943
11365431
7911931
20838375
12586299
15870903
22360744
16940839
21849527
21280326
1397675
23684750
10945832
19417580
12876379
11576919
12218402
17404110
10231404
11923705
11302824
9344472
24269941
14607678
9495328
19723894
2765664
22878694
23887863
22856541
12150829
9875375
1979129
9760259
20428807
11319228
11247719
15867211
15011998
20683000
20558744
24492364
19826044
7508723
10687428
20860662
15530994
21712771
16510589
8811639
15605136
12145097
20940029
14522042
16789488
21395964
12188396
17895889
20515481
21119667
7814549
16810714
19417689
15495191
8868464
10683128
11810871
9620301
11350662
16159718
19192611
7803722
8974063
12051700
9856766
18313992
16338068
14987225
17885623
10987312
22624001
9212090
21709106
15246688
18664619
2411910
1867591
16449346
15447662
19121570
10898795
15116281
11165936
16782042
11365962
8980774
16260900
19882154
2452480
2241573
10209679
18952602
15653134
12444941
20407279
22123692
21264858
11169072
2053958
12492056
21890778
12947338
20863867
20530882
10321906
17922024
15722082
16306032
11391165
8037370
8893053
8541648
12640193
25025559
24593268
10770558
21429221
79415
15994853
10764020
22341071
12493460
10360798
19751963
19661270
16467325
17591024
11362650
23764627
25392858
12131086
20606045
23175213
12866420
9554867
1921844
20400373
24127737
15715487
11900468
6861099
23526079
20103840
17086696
17216850
10611446
9240854
12616670
19918067
23555901
17894387
21555376
8728047
12574821
1461972
18753864
17167068
12241540
2296993
21166955
7486961
21084995
15157075
14576105
21118965
10882587
8827211
12068071
16575741
6449499
20819715
19187868
22645407
12714582
21917890
1538560
19931610
11361369
20032618
12062384
1906693
17130496
22272764
22479397
8416731
20110355
16857755
2706007
10370867
18761069
16247962
14982792
18701480
19426396
2918510
15717256
19933191
22002708
2352921
7749786
16967042
10630414
16230559
6160261
18358095
18572476
15757906
19479279
22155915
15096814
17379089
20706598
11653140
11748566
12821113
1745448
9865388
18803240
8991450
19582876
20363232
22616647
17516531
20004434
17502727
12115597
19004829
16609009
9833852
8672836
19356873
19912441
18506853
17250678
22613333
22697883
24118070
8855414
20473884
20193680
17659711
23035236
11953892
20164190
15496427
11746927
15728256
12660529
17766586
15362663
25070488
8603962
22952991
11365971
21876053
2849092
17125436
17596712
18722110
15332433
11815431
18218633
11345936
20001515
16103883
10964781
9567421
17724219
24842243
11058153
21415704
21068657
20864511
17626796
9024175
11164713
9030388
12875963
16899420
24170028
1361340
9508629
12802831
9776744
18072934
21134280
3006077
10615405
20070406
20346507
7653284
20188089
7491000
7877379
21310466
15531726
15451191
16302263
15622374
23249917
7966625
15040643
15949383
18294340
23691224
17983800
12767470
21170507
22977098
15646646
23326131
15919769
9875573
18525257
20843805
7814649
10691806
20536573
17640745
14565610
20840749
25449432
21400951
15258566
15330163
23861166
21591538
16075291
15706635
18506760
20048718
9088425
23600365
8614747
9033399
1726399
17645772
10590315
18488029
1363417
23341573
11435309
16837862
21237453
14725126
24913304
17608941
10212021
22579315
19053827
15479895
23836295
9517952
9042386
19661333
11365136
16452065
21725248
20883161
8929003
11362867
15332116
16995790
12055032
12746793
18400075
21755950
16043966
11502593
21415389
19814627
17183628
11365860
22195977
10817717
18728241
20491779
20927590
15453144
14504050
18827816
1677611
17646420
24698650
1381438
9522101
2425014
21679777
11158755
17712837
16998626
1449524
12444089
9420052
25039373
17456331
17386416
11775936
17216861
24672029
7802522
24429329
8835816
8169400
21486895
15764850
19079339
23689813
15206631
1701316
7779900
18832874
9754949
11362104
17516411
23023566
17428874
11365635
14762289
11935211
18779339
10738365
18202760
17258523
23359692
16190932
17879931
12372818
12183337
24004633
15485849
1400458
20103991
12708535
18583240
10486430
25338567
23670162
9029105
20648601
11263669
1735689
12720338
18355910
10408507
18814257
10762119
25397499
18949731
21321095
16709540
10812057
16038980
9011634
16336769
18464164
8639156
19490176
17208898
10594473
20507646
14757847
9792397
24841196
11327079
12441351
15864198
19359980
14616157
18706197
11243747
2436223
21362510
19901621
15854760
19350687
11597403
12868307
19104016
17647003
19810100
14662775
24508897
20850309
17720667
20307763
12435688
17700529
21322110
19517234
22761648
2419266
24517047
9262538
14535886
8031060
12894480
11481306
23775789
17465455
7538548
12239174
23326391
14638402
18408046
18835003
18086845
22483845
22480737
21725585
23568749
18252868
19106203
15662955
12460993
2903403
25058389
19960612
18605796
16982761
23643806
10667902
20206691
1732503
24466195
16354623
17412813
15000491
18180035
23720056
17932426
11062033
22358416
3067191
19760261
15882976
12237122
9589033
16458479
17682071
22708303
10462384
12010509
16828304
20723540
16201766
20435362
9863864
1698426
19111589
18216291
16387334
16269905
16362890
15325958
11737396
19755960
11197751
15612613
3165603
21968367
18058522
12840708
22072016
19852859
11124113
12208367
11364001
10414968
23590971
11571341
22680342
2045430
16862561
15542106
20430009
23013534
11256734
24760361
16439461
2200885
17688881
11574165
12665908
2757312
15767557
8898668
19364398
18815867
11886250
24098331
11181396
11361659
7539250
8092819
14640397
18855660
11363052
18671385
15213559
19220675
15458659
3070495
10985362
10432649
19631552
15714209
12060610
15799773
21430068
21471526
17511985
25282733
17582076
19221000
15591146
14625566
9794909
11362882
12838982
12699758
12488458
19273673
1329897
16721857
17407046
15046257
12946020
23906955
15540318
16499280
11279897
12170994
20371182
17039770
11279877
11464426
24061591
1962676
25126528
9793827
19581631
8653475
1381599
18097227
18171343
16678865
15670817
11051780
21515313
18479819
19243631
17457083
19921477
18085637
8585716
15575367
11474885
16788159
8779686
23375792
1712326
15531746
15381085
24503697
17662547
9607829
11737373
1726738
21696601
10676990
20223922
15475359
7660083
15371446
17683069
17430262
12663775
7772724
17429006
12730624
8426365
10861652
7495172
23220209
22080226
17565859
12811209
23884438
19454767
15645076
10473113
12693294
21564007
20161711
16549962
18197933
17625431
18000880
21505869
23993966
10890748
12866565
17997152
11829487
12183420
9918758
8842052
18819473
21243774
17892232
10723513
20016017
17303082
8931201
16490782
9892044
17550782
2545163
15213751
17354649
2459590
8024587
15822615
23403838
6243413
1370246
11365849
20079242
15782142
20831275
14751243
11129800
18519703
15614776
10774585
19688145
18820998
16569845
15530390
17993464
12872365
20585260
18392638
22588604
23762619
1663770
10415108
10469326
19689270
21526288
12106612
20841358
2300533
12802911
2218967
16687071
23780559
20219643
10839297
2898601
24002702
16413245
19933091
24931101
1949777
12711082
14731120
16175187
16856620
16870268
8250662
17601985
24785949
15847748
21222147
1356738
18431742
7689290
15124581
24524846
20546246
11363255
2530207
9582913
14596253
8649644
11983255
12071188
16169954
10778416
20724538
20478695
23403511
25034485
24681666
18396628
1888940
7543857
22823027
21385331
7448789
6154804
16227319
11366406
20152102
18784455
16899596
15601856
18788048
7625231
12682218
2790782
15967565
15271987
8857799
19674747
22738927
3152725
24706416
22394281
12676320
8721550
7727578
24740080
20675434
2507472
20023052
10681360
12121909
25398797
20622899
11362996
23095645
12476956
12590875
12225791
19135246
20386072
21233840
2140113
17666044
1567187
21930388
10610625
20484083
18618274
7513745
15048595
19133932
19120326
19285642
12187272
8806298
10688833
24631361
8974451
15233819
17591864
23518711
1826674
21853995
11384238
15995210
11226429
11266155
8398581
15893019
21124965
16378987
12461421
20667931
17610528
1695317
11365850
22510826
10991635
24667864
15597047
16810128
16082226
23481666
1455541
23137006
3497654
12883207
14571198
7534192
11740188
16407553
18955046
7559526
21896288
24811082
2480079
10975966
20630894
21862974
15075511
23434355
11462080
2758728
18264812
11737395
9241233
19714652
20735390
19701462
17704822
9682043
19339747
20206790
17306986
20730553
19856251
15619890
19279450
3650339
15451181
17592322
2120599
9722361
22673345
24116102
20554620
19430493
11779191
23028618
12119554
7879600
1381350
11283037
17933239
19351656
22454490
12577191
22014786
11481666
10030139
8132847
10465312
10958764
14746863
16192747
9191868
11552822
1283906
22915753
23176441
14720326
22421711
17088638
18954921
24794748
19201903
12147610
1379730
7513153
8851615
15822033
11734722
20484085
15081308
24727519
15963568
3875021
2745717
17446872
19070698
18453042
16816563
22573848
22359054
10482432
21502369
15771460
20020452
23220732
9622545
22278168
11364107
16740654
23772645
19056355
18174239
12045685
7919569
19471855
10836763
17167200
19597352
8552634
20710053
22203734
23199771
21034749
16137775
24211331
15561821
15579143
21268086
23851295
11361526
21447865
21930612
10779378
18776160
1883829
19420758
22736232
15301740
20200559
19526460
17381165
2457312
9204386
24076962
18664599
11363622
15776120
10977134
23076549
17366700
11367368
2481806
10933617
24908549
15980997
7630162
7520331
19795616
12750692
21618116
16077937
18418233
11259366
25495412
19477309
16091786
11854300
17945056
23956310
9447988
16145542
10700456
12138373
17580846
19838207
1532329
25301980
16020286
18729134
15261307
11187109
12900513
16397416
17359956
16284530
10821714
15781227
15720887
11362162
9952383
7388844
12621165
7601163
24841372
9147936
22150316
17980137
17312274
11367501
8080357
15225482
18045616
16259750
22141402
10619178
22042651
3160302
21839993
11988061
17938272
17913933
1445992
12644066
16021868
12679697
22459568
21252404
23441978
21941167
14502007
11454518
15937120
19049961
16048643
19553564
2852338
24935929
19814723
11322280
16034488
19610061
12381651
10215885
12600651
2016715
7986002
17872587
9717950
23477737
9180874
11420667
11464146
12869587
12571537
20237859
2712762
12684406
7687340
2899762
11812494
23645585
18057133
7059345
11844664
12901869
9583613
1942422
18414191
16611119
20410311
15520456
16756973
24121753
14647043
21307145
24683016
24771268
7946100
24464590
23539448
17888573
8806572
22534982
25517313
18467915
10216108
12591398
11384232
15532743
21392861
15356293
16950789
11022799
11126200
20371676
20176206
15312171
10854614
17409644
21355446
11365934
10471024
14742251
20421643
2543782
16000303
21734806
9631148
21344492
10487398
1714803
15311157
11316324
8120862
3586030
11393280
9441225
12435711
21045015
17547362
11252549
8790439
11003633
10824123
12202523
17040219
18751396
12667803
18045284
7514961
21312239
10622538
19915446
18296712
18675340
20801903
11404516
10493497
20661153
18985013
18930870
20444920
21147876
15179522
18824630
11056219
2915376
11362451
1492010
20001856
10651842
16924465
1691523
20704765
19711341
23530806
12701098
15467738
14521330
2898602
12206137
11366491
10452781
16371234
11555188
2623655
24594750
23056375
9445385
3065024
1487402
10983663
22085301
18035868
21632113
20001745
21984943
15041532
16389019
18223464
8790401
14513053
10911016
12121939
17520543
11426649
2143632
19247848
17617250
11590508
20135654
19203905
9033979
18830996
15709167
12649279
18507033
12940867
9805064
22274925
8613316
15633216
18420797
18692274
23797286
24586697
11367370
24832602
21152068
20220132
10783117
11216940
19638508
17141738
18453039
22046602
8081859
18376307
18287040
8089462
16128865
18977721
6873066
14642664
11322254
10846595
12684107
14640389
10073956
3145621
17229583
8738429
10321981
11714746
12218157
22615543
22763042
17005654
23723709
11936620
16027003
17368590
17332840
23477736
14557375
24365651
21259243
15192802
11326026
20631058
10452555
23090667
8812871
21750701
21666489
16249386
23731254
6185090
23362296
8601583
19801665
11483613
1842105
11112996
11324825
2244777
22111069
17223230
17209425
2622775
22152623
24164410
21468084
16752309
20001517
1833387
20130285
1538955
8614178
11006244
8095058
20885974
17963943
7906769
11366134
17064643
11149154
15311278
11364283
16291735
14761281
21903579
8593170
15179368
24216034
24909714
17404501
20334569
11141354
6263472
22269860
22871496
10334547
23725156
16806114
15467732
12929932
1281392
24932697
9488974
18439629
11322257
19463739
19924402
19812386
16619162
22438533
7912842
25438241
18677028
19915126
21625536
11364260
12909286
14506071
20861373
16479044
19596435
10930149
19008342
20858167
15681504
20642847
21467286
24081450
9210686
21637112
20352217
16355341
1711694
19616083
20691806
19005287
6182581
9026656
1658917
23453029
1974724
22383759
7685993
11981737
11751631
9365897
12962563
24805184
18184435
15157354
8364519
19334328
11837798
12821121
23317270
12360430
17483546
11238744
21655281
11363383
15001570
16777450
12477355
24457242
7546414
19655168
15358304
22419605
22343178
20373260
18096314
21178384
1705412
7915809
10983661
17358027
1892364
11959607
19201335
22028493
24142711
12907476
22585715
22293514
20386384
16652385
12973486
16105840
17761412
19887088
11585911
15031785
17230502
17182147
15864201
16118628
19353520
7475321
1316252
23768636
7586148
24040049
22414163
16085054
15561252
1381495
22004872
11750029
24083758
11708189
12679704
20974575
7538048
18706742
10837926
16818712
18373168
15314293
24710668
21368602
18056458
8402669
12631627
6756403
23069315
14959700
23749550
15450940
18687774
16249513
12600652
11891084
18544024
9071667
2020297
9920025
11362497
23123638
22745144
10424769
10846592
18723015
11698343
12370813
23115227
11854199
18628250
10198191
11737345
15377841
19339804
14612541
18565114
12082398
7902248
10763828
24969562
12034568
17442164
20006626
18924648
20362310
17470736
15755869
2999452
19358692
12593657
23962110
16842370
11713797
11772261
22032494
12821504
14558671
19470289
14681237
17503748
10435998
20952418
18642790
20637874
20722035
20449785
3178819
12738113
2668154
20090006
17914972
15369382
14500794
11714859
22641559
22149611
25404713
19807674
24795328
17943200
11322258
1753344
11170035
20720035
23295056
11559816
15288618
19081791
9060845
7647133
24756575
20639527
10029271
11698228
6244411
12657241
20235383
2152585
17625879
12655032
25426075
1309391
21217068
17430707
15614709
17075986
11082385
7832326
17016878
19110128
9875376
20682684
10211760
11960994
15606618
23341611
206200
17138822
7650679
24215713
2472883
20525250
19473074
16046240
8684813
19438397
9826788
18424157
11361962
20442283
18183395
23192642
20020497
16428383
18289713
21430337
12618211
12576462
10697646
14998300
6163656
10694222
9038817
11570261
23326354
16549373
17499970
1812783
15678886
17987264
16619262
19770803
24604590
15071503
14600520
19307783
12170998
1716104
19649847
10546780
13129932
11872878
12036191
23291378
16964828
15382241
23816986
16749907
18218118
21982018
17679552
23097631
19687226
10385663
15746922
17167971
19949111
21214519
17635237
9042152
10050868
21914066
7915778
19787275
18847315
19675018
6090017
14729602
16244378
11646977
19223637
23433482
24674646
12946329
15544694
24014597
11938040
12604648
7858826
8513095
17258160
11393589
11487279
23382737
23639776
18837731
21985673
15857399
7963708
12030838
18443272
21163272
8780847
18445705
1323984
18837095
25251406
12505990
7678654
21990112
8765527
23770716
15621054
12882985
1677807
20350548
8781884
18953269
23180290
20610849
17982873
19855080
17561871
23889739
23841781
15303129
19787246
24377630
19302908
11697019
24618323
12108391
15693796
12573708
17362951
21955404
16879257
16421881
11707875
20518676
10094984
1370098
22100256
8676570
12789342
12600647
9787287
7861021
21589951
10608758
20427228
15829634
16697865
18507527
2314912
17711521
12568344
10396655
16441512
15155222
7681480
7748534
15718241
16403846
9764796
15113912
12660932
24042729
17545724
11708187
23080299
10823275
1358026
18645523
9517631
2538128
22711334
18953427
10973964
20090545
10997507
16629118
8615067
21813366
15111598
15060035
7606800
16928445
23352126
25037851
16875574
20304641
17157191
25580050
19963159
7561897
20554495
18202455
12819520
24148552
17356708
9931292
18495954
20482831
23300521
11365376
1970103
8605592
16238909
2059391
9517941
16928363
21467701
3529390
12554791
11786883
10594560
23947594
9808582
20692295
9554875
10498617
21307622
16649370
11064511
9771932
21471511
18972445
19826051
18701495
18783384
7543578
7658693
20834107
24518440
7533640
19561519
2405490
19221050
12801927
21177833
22289989
14708689
16525671
17563127
16960780
21821267
18187570
11504806
10859260
17258192
2663369
20837480
7603338
11361773
12372236
15365009
21835177
12126459
21040696
1733944
19833227
6260189
20615112
17075426
12030221
20162392
15682483
17932438
19885859
15280354
16899583
21834513
7690971
19207613
1894090
25157501
19127107
25636936
10196306
15071349
25270909
7826291
18076063
23350348
9790988
1603115
16019538
11364588
1733639
18542957
8471200
18252807
1664434
11516363
9918110
17531229
12847090
24517926
16837615
19148760
15173094
22689925
15774260
20231283
11361603
18760662
21357632
20421277
15978049
9931160
18701499
24668416
19430301
9107384
18282266
20844479
15453335
23925378
24059266
21182823
14991406
7527825
10954550
21330603
17709607
19119246
11367083
16079011
12297528
20538997
19430088
25580365
23485394
15222974
24878007
15051838
22348531
10689413
9701599
17805274
19194914
15090829
11267358
18840784
17596891
1317147
17224327
21062390
9809553
10925461
15888651
18064667
20581862
10426663
21971357
11471100
23253950
650176
11362310
14751314
9808068
2059358
16611192
21683093
25301448
11362139
22456227
19148524
9550093
19786081
19706669
8725401
19788441
1614965
16438643
9037361
17530993
8656777
19375978
23175686
1966484
17160480
18416392
12628580
12121958
21861368
8233833
17890271
17072862
23100393
22269974
8709681
7562440
19195460
7691696
18650056
24333576
9623114
10841093
7488540
20194728
23229276
11371696
21864952
17985343
16392336
21094227
17258197
14605001
82966
7552479
2150312
14697813
16247954
6269292
1848624
22151608
19643613
25043687
19547882
8791114
10863314
22017685
17561874
11413120
11585905
11336588
10961612
18248300
8847505
18639206
18556209
16897664
15604292
15840407
18572753
12708798
8074864
23188184
15953865
24587395
15494722
9919620
2152548
15473921
11377382
21195367
14705256
9772280
23943401
11362922
16224028
9843867
1716649
24521897
12235087
23206989
15239838
20533548
22362155
10082072
24252527
21545297
75732
12083242
7683648
11816164
22090096
20820890
18504172
15011579
20676043
22940834
23757398
17115952
24025646
11237412
17070543
21406501
9814883
2469420
21220306
2719460
11546944
16755277
12186898
19374916
12566299
25533234
12226815
18214344
20086200
19464575
16701099
11495699
7718186
21229291
16306080
1970411
1660082
24490380
15339592
20686688
1357363
12008787
21788445
17023111
24144901
19208906
2384280
9155188
22805237
15036821
24404396
22509297
15827235
25277773
19465708
23086815
18771054
22000864
9601421
17931409
17314045
18240862
20519624
21378340
20676114
14525541
21380985
16033415
8175673
12721208
16740773
21095125
20529085
23741458
11362092
23884707
4119284
19351209
10878406
18097584
16488411
19384952
1703500
23024001
20384494
16299231
21931322
15741596
9600076
2163269
23300529
11039136
15565166
20554725
20838925
11363818
15570211
8100612
1757183
21124822
7908356
9777799
15892586
24886938
8142885
10983655
22932792
20042644
12530026
10342075
8704736
11021163
21372727
1463965
2488693
1374638
2382925
21581616
23284913
23062666
213015
19689190
12374776
24579326
17707661
22041445
20028856
23082701
20705591
15888483
20203030
19407060
19747856
22450598
8627701
12740383
11504821
19776663
20824134
2572496
16044417
12142631
11153678
11918915
12462151
11701434
19275594
15735459
25455130
21106862
9799664
19859531
18008227
21536723
15645120
15773901
18672532
20978203
9855366
24764564
9388414
19578237
7475780
23768747
21390191
18028225
21766505
18187571
15500383
21241747
15150840
22038372
21218816
15947794
19502992
19100234
11842340
2137288
11790129
19962718
18291537
15572008
14512369
18630524
17928124
12366809
17334828
19549892
8499278
10815762
12800069
17166585
22413938
11590504
17503757
20953318
12669386
22846128
19463800
18026817
8101008
18387667
12589832
7897356
12578963
17518706
21523377
21555812
23872552
2362917
24498070
18851761
15985005
2405846
11294662
17563061
20736951
17287285
24667938
17011604
21481941
18211616
16319142
11990490
24890666
21693461
24351112
23480551
24148470
15733850
7680476
20386073
11383604
17130282
7529033
11364145
25418038
19487907
16407768
12837970
17065432
15389837
19470503
16542215
1633167
11099631
23394613
1851960
7505845
12700414
9817530
19165085
2081377
11265649
21261500
92987
18844463
18066777
24614384
20103623
21854360
21205142
25261755
17683500
2065888
2437091
23108098
1471668
23144996
7540934
15985009
8679772
22230186
16204251
15123361
16615525
19013033
23924587
23043111
15350649
10762067
21791085
23851675
19346783
9084803
17227113
18173926
12951341
18927467
15075541
11485617
8524329
16885286
20603605
16817231
12965954
20735436
25365419
9586114
18721055
23542342
20086013
24681993
21391972
24204651
22387228
23936540
3066911
16152705
15113580
25196150
15668642
22594624
16167236
24746620
11679926
25429810
17457780
17430947
8663337
10536122
11382772
23384784
19393365
16271263
19585499
25239226
11741158
11601888
10723466
20003073
11098337
15614131
24019010
18474496
11364486
19791497
8490468
22892440
19584831
2173863
16123684
18753189
24166586
22324292
19781372
21054664
12406504
20556479
80450
20121419
11926212
2413172
19969344
24681959
12642061
16010163
16159621
22863320
12918060
24343358
11311448
19204929
11174414
20447554
18272284
23368947
16928405
15911439
23985706
10465087
17682938
19900535
7629611
11179805
11366349
19375734
9492322
17100776
20878096
20971552
8267649
16918258
25014688
8793013
22717978
16607479
7686387
19949355
18989227
16322067
16365320
15012649
15266898
16638093
20947783
12583508
20064588
17652404
8399067
15110393
20578063
10858368
22209871
19539622
14678274
16945012
22912406
25368248
9310348
19235838
12426169
15765572
9772287
8512858
1405651
18347141
11860701
16964827
11726000
16197491
10207545
15161843
11129059
15802981
15816481
2078028
12635598
22939730
2005478
12084103
12446708
7956793
9288184
18632202
15183075
20051374
17879940
21420482
12050158
11362418
11697852
18996094
11955643
18042570
2041557
19086910
18252833
8564706
8351681
22540830
12903328
19584166
23811941
18474460
14664469
12139659
11982720
15580801
9084811
20236784
21052840
16394842
9224727
17472580
19621774
18159246
19054284
17115300
23092276
23299572
16103773
12396831
25217883
25605145
15842584
25259710
18241842
8700796
1710673
7727047
21490292
17064354
24809298
10576129
7506311
9719063
20625352
19915483
10494581
19893751
8773146
19082455
1858819
21249773
15767550
2038746
15939449
20126469
21531328
21587341
21585332
12700471
20066473
12098658
8684204
6314671
17567716
12194745
20659513
17608854
9361275
21713384
10764160
15784656
18523127
22787385
20071441
18851688
17608468
8990341
10683250
22190485
21422735
22085083
20516118
23192861
11956584
15751761
16870953
16855278
20549705
8605052
15026580
16078138
8739595
25305607
22430974
18025906
10681514
9176257
12238451
15084231
20554982
1676655
22418437
1707295
17682718
20460378
12816950
23839869
16937041
14726695
2444155
11298132
10617626
15098654
15516981
22227646
21719299
22007495
12920174
16877394
20505473
23959305
2111751
10371187
11365846
16202132
15890646
17273741
19295452
15659794
14600584
2230250
11408248
9546554
19748977
18260800
16269599
8585744
11254479
21417949
15386853
9743469
14558125
10534318
9480261
19861680
20666777
17358026
14515036
12970889
15937768
9649474
20332460
11743745
18094991
19773264
11097712
1361303
9665508
3422698
8318176
22177846
18550052
22631647
1285303
2260992
12706301
7744448
12487386
20506316
16044092
15668244
15916912
10800872
9210508
7407763
16184034
26396441
18559486
9463790
19214120
20418273
9368053
2500573
19480738
18473825
22968599
8838703
21806648
18660828
21204635
15638862
11808766
18385076
10814527
14742228
20095791
4142604
24003087
17270028
11328813
20408056
22973556
15836919
19219652
22906214
12912805
20004166
24375660
15990570
18506251
23500889
9875400
25265233
21903401
19330019
18182616
11096016
15510719
11518274
11361139
11363512
10994566
18362896
14557666
1888337
2157835
1704062
14751049
11959985
7945448
20470259
10398503
11435210
24384592
3555346
18565556
9267960
2960081
11368814
16551863
20041268
20547236
15122974
11964528
22990992
15921655
8446814
10723516
10860826
15104467
11364758
12672400
20850924
18253093
10463875
8207678
22067876
11087199
11684314
22591718
20716622
16299147
17197042
18780779
16814763
20467764
15946501
24565765
8723472
17251021
15808840
2170136
23301548
15531295
1704074
21121985
7969058
12655837
11171583
11865416
23185373
16308534
17877612
9744995
1564094
23794601
2434093
24201813
21490094
15962714
11302334
17565690
7616744
11217803
25246545
16615847
23721408
8692763
20080849
20104126
21143995
21863638
21850284
19447872
12653688
20210246
11211887
16416004
11013759
9456994
18343292
10938500
16412477
14551187
10558966
21625939
19746444
8585764
25533689
12510657
22297501
1535062
18316581
25142911
7987218
19114673
20136425
18534195
24011387
19652084
14709468
12571529
18001255
11548511
22383041
22583650
15350845
2320079
2022592
12965939
15156927
22695131
9425574
1453316
1682044
11673663
8806255
7233336
20600172
2175872
15627039
11501198
7853984
20497253
15606805
17431005
