23065990
11313673
17433073
16323302
10071909
15280210
9607825
17549368
19281788
10770533
22301072
22789099
24756601
11336554
8428391
17184540
10628371
1328981
25311112
9585536
16186340
21198707
18593932
17880854
2764527
8260344
15149669
8593010
11479289
24497224
22155906
19334055
19152213
15893326
2476123
25179394
23695148
11460875
23411487
21421506
8078734
9843148
24706031
12615053
20568014
7512046
15339415
22994795
21778800
18077525
15205187
23832541
15793368
23913028
9189215
20486468
19624352
20981841
23832665
15823556
11956150
21621594
15654825
22507876
11723420
11100914
19136651
22573309
22544951
11264999
11069252
11785974
17927494
22351078
15187204
11362189
16489669
11343173
15351731
3479923
20497005
12714610
15702477
7545249
12651101
15761606
20453628
10946279
17825167
21055410
19158344
15682349
18687224
18637849
17279048
18080406
12393094
24588281
20861184
12962911
24622808
20226208
17040412
9987081
25319362
22152381
21319958
21166590
12932205
37893
1654362
12200787
12420752
15508405
20588104
11367502
7847434
15899894
11607792
15068672
22911115
24063855
21253915
17040965
1620179
20643785
12766261
10636891
21604586
12824802
8906736
2585262
18310296
17293383
11114839
19731452
10982378
17332531
20376080
21248015
22304466
18373637
11336972
16828709
15566286
11227671
21447649
20558745
17228455
10701699
19863454
14724824
14578744
19719941
24868010
22889984
16735027
19335980
15193139
15850522
11390377
10501488
11914372
21802835
22496475
15864119
20847167
16879715
24197266
11371684
20560989
17024230
20865442
12811212
22805423
24351080
12604541
16111535
23856343
21061468
25080918
11120114
20564215
22591854
23490486
24759994
19329355
18555660
17455666
23887923
23365423
20824712
20143389
11287032
19917608
18477705
23061767
24382690
8540752
23137160
2851167
23087083
10777693
7997384
16705710
2459842
22136504
18056842
20684763
9224961
7816708
21914065
8494568
20228125
19070423
19645483
20954872
10418969
6812576
18506371
2034680
17331962
19409049
17379638
23595155
11383758
22272343
11034074
11366856
1726955
19335617
16923154
10201131
11365562
10364500
22582839
9007084
9207859
17721804
10772721
12706633
22028617
24394543
9683211
9863887
17412455
12760852
18178606
9337075
10794716
19650861
14626050
8573197
2557984
16372125
10843740
20556895
11359867
12540783
11907245
11156221
2983421
17300864
8882944
20025460
9685236
25200868
20806792
11160647
9005525
18073453
17105513
18046833
15896459
10328963
10220433
12903836
16424399
15040535
21443516
19416652
20823434
12854148
17972224
12903291
10497846
3200272
9190881
21766497
18421080
9833743
11800022
19579180
18290996
17836924
15300209
24576409
21245100
3061416
24725889
20133268
22261521
17332286
10330491
17014896
20036709
2832958
24199784
12824231
20100935
15465008
16969131
15075521
22894916
10642307
23144802
11310515
2004369
19416177
15577634
20544847
1983100
21833477
22036763
19380589
11972298
20151280
18199167
19509264
9918567
17195179
11668180
11263772
60107
20942090
22367397
16483679
9151812
24419343
18281555
20889179
19048402
9371353
12615710
25281540
10432728
17434401
22088541
18356024
11365137
2352167
22608193
24670520
19363331
12605052
21094878
17727966
19604271
15032312
9934671
10965315
18665442
12370504
16816342
19578790
19326401
9824788
16574414
17913252
12076484
15793367
18081660
11527419
17066266
11804624
24761846
20532220
16472877
18379057
18668365
10702505
24296645
19961931
12558912
8787873
21087637
18589121
8740103
7965649
15136050
16006969
20140691
20104524
6296238
11170934
16828882
12032356
8924910
22739393
15073267
8161438
22156484
17804012
7940411
7936243
14501792
17564632
8924210
17673310
1831041
8878603
15644576
10486586
16897815
18640157
22230616
21382639
19147229
19202440
15048614
23487374
2471594
20090004
7814863
8834868
8352242
23269514
18369824
8190667
19255944
22856626
17503745
19587052
20386076
23633363
20016031
22179028
16254003
17696514
24111805
22746992
10339604
10476768
17168670
1641444
18661593
19025477
10477153
9927728
17025253
23909647
8706801
18646715
14565305
18393452
1527842
12697421
19586554
24273769
18443380
2510549
23234499
21116794
11920821
9774147
2326888
1345755
12824798
20435159
16041799
19326099
22607675
21098653
1279126
16440984
18815873
23255296
17702825
11101081
8409341
22546988
19193111
9888812
15588658
16184552
1977080
23602470
9846518
12062392
17278427
23117660
20930066
11142630
12669211
11364943
18824281
9124861
12898012
23941504
11790809
15589158
2163242
18090391
8739608
7534096
24707141
10935697
2235141
16427178
11872862
11496850
21401097
2747633
22391103
18372072
12421638
11861798
8693151
17578740
21216463
11821157
22805174
10202827
21544014
24024202
22846652
11291051
14712492
14741280
18025122
16240690
2855298
2478305
10906729
11255101
22993165
19047110
7105289
19958114
16732918
15234853
15561822
18970284
11678618
8648601
1973463
18076711
1912034
16327782
11365271
17601621
21605299
17637176
17561304
19032066
53031
8271403
11242527
21062931
21730243
1532592
9846168
21346178
17111047
12111824
19638505
12854363
20647090
15921157
8454938
11364931
8421854
7723160
18816503
23703692
23676772
6166365
12714613
16606935
18647524
18184921
21083841
24520371
17219659
19933314
12170813
16892182
18950705
11443580
15371422
7682061
16740657
10517878
24709185
22715849
19290033
7882100
17306833
11101905
11362613
24868108
10021299
18025112
9390463
9469271
9115811
9479542
11362479
21959623
21196193
10486560
11498515
2127261
11280847
25304388
11365988
6973388
24161378
16257270
16139532
11917240
9567219
21754996
18757425
6250512
23074200
24615207
24489433
1371070
1648341
8078736
11352180
16308271
11579247
63283
21545229
17891453
12889450
14511219
15590741
21600088
17359975
2896890
17296436
18052605
18213456
19153780
1703305
20648001
21540074
18607344
232507
15130920
18240858
24637636
11362623
7902690
11057934
16263733
10416533
24075941
16452190
22951631
16939894
10432725
8795264
21722701
3025830
18609045
11142631
23489241
11459666
18073152
11361822
15464384
14751274
10620399
8564639
2962589
17690588
12680208
8698246
24019927
1285495
11404530
10716348
23372574
9327224
14607654
23280481
9182575
15781297
17640852
10996887
12895407
24248536
17705578
12189113
22078030
12086956
18598287
18836856
19186354
11366020
1601153
9623272
20965785
15651746
22699063
11867204
17940511
8246910
2882316
23525032
8540756
9520169
14707789
22290950
20540984
23986604
11359662
22822214
17266582
16357176
15026072
16256233
18570937
18695882
19467284
16336586
24639079
219209
19229058
20018391
19931425
17662093
17582071
20422456
14562853
1489190
9807182
10968428
20464356
2801495
17672938
8371712
14703969
18723666
23614909
23358393
233303
9007205
9165548
15578720
12799555
18336467
16854550
14993430
25321623
16511398
19203911
22983673
19207974
19187942
15113651
22160182
2186273
17920348
8602869
18493738
9552335
11303274
11118638
22464698
1360049
9780252
23330601
7989869
20128449
20614204
21245102
17999388
22107816
15507671
24567248
9543436
22683569
21633340
21212410
18261158
24373083
7756516
8048072
24906643
10919268
3279839
15001457
20199106
23217195
15956280
9890192
2016686
22989111
18539778
9677174
10073134
21266068
9294100
21388941
15894134
24308675
11862808
2477718
11366731
11108137
11856491
16027787
18400000
10563202
2997490
8852387
3643679
2533474
11477313
11455571
15876436
1464736
18615118
1854160
7528214
19298689
21683094
21693630
9575685
7815548
22448045
21803904
16043633
15192796
23188729
20739163
9875378
18614808
17206679
25415199
9059598
21646352
7630199
17627557
20705951
10761157
25454760
12705974
7760891
17374486
14730085
19050304
23207751
12929584
15942716
11575933
17353240
11590492
20934476
19125910
23990572
16275990
9443911
15544939
11363827
11563154
8351676
16052086
20952669
10821415
7965424
21337733
11362420
17463335
20868279
18164808
3190201
23836782
20886104
8655161
11406214
8627080
22242794
11365133
8387563
21416292
11131711
17301563
18372118
18936724
12376953
24268064
3733926
7911164
20595236
7513761
16142401
19597072
15322103
7504715
17597154
24722774
21964558
19362991
9168239
1317012
24377601
11053545
21115693
17098296
1692446
9765445
20192835
11367488
8261464
15673738
24812425
24421901
12223144
17302248
25371888
16691070
21317875
10576692
7593555
12181044
24573033
23178555
16568372
19812065
19654858
23284772
7520104
12147614
21900180
24630505
18006524
21705912
2606113
15044484
8180611
16497564
11367210
11363430
2440983
21170508
3390823
19275589
12492013
15735702
2945556
18590550
2677429
12915776
10749997
17358033
19328686
21655097
17339423
7992567
16702013
361225
20435729
22188022
12593381
17073629
18046962
12434137
19121997
11798908
14595674
8471209
16705025
12842522
12225967
18338431
22609140
8646981
10578607
20530691
19800672
20308728
18503405
9051999
1326966
17218162
15307917
22084168
20722034
21863032
17378020
16501016
7532100
20457792
23735916
18950541
25371210
22875535
15372379
12968596
19262491
19507250
23721525
19441076
21972434
10784402
24180375
17926651
15970350
21097529
21565489
10681309
24513247
15544451
15838313
11859401
21817183
22552324
15223323
23013758
23393547
11007040
9924195
9299194
18844238
9153380
20042322
23986774
9698706
11273090
9746254
9739932
11477967
1689823
15217381
17302381
14767528
20133271
21561475
16720286
11832993
8250074
20851881
17939741
16116309
18170976
9950821
20146724
15472954
1830129
16600511
12225859
20956804
10431297
23254151
16325749
15357675
17501665
24521425
11983118
2813268
19155526
24271958
11024476
10710360
19505918
20848981
15537383
12669126
11366315
15946654
23816565
20883400
11365131
11708176
18160257
12920493
8147556
16724951
18343230
18164116
9425937
15736417
15325433
15846226
14614027
18991739
19458386
2352121
19632955
7972000
11352237
11364501
9873200
14758118
16582906
22079324
23689059
18588891
3310244
22769870
10617082
9313883
15651743
21133347
18840078
22970192
14753745
11362911
17132111
15511539
16648553
19567023
11508132
15968320
16153449
9374418
21515851
12529837
11101060
15075530
3422338
17891141
14657764
2498637
20172961
6831405
15064971
17094453
8797693
16511430
12874078
16793887
16926264
18831589
15534909
24248806
21443452
22221100
18478238
7498449
16015035
17983813
19837126
1741280
15188170
21106716
11837395
10716502
2793442
22433868
21673195
21767530
18056255
15359380
20813982
12054741
25471249
18976811
16335924
11726212
17177598
12734068
21249774
19371316
10689749
15798847
11367348
23613227
17700536
22888641
1383488
4138484
2199132
16263712
9787687
22117042
12409737
19709433
12490132
1829019
10513666
9274255
11367496
23719348
1981516
11654631
17189827
15736019
15968817
9108961
15536167
9017366
22151684
19241683
11007318
20170697
22424722
17683005
20878062
24076965
21401727
21678477
9260149
10397560
11839650
14733880
19487176
7576930
21660353
16261397
16103126
17216600
23506238
8841659
16904047
19843528
14758339
2110596
15673442
23271561
15728915
8970672
12553487
15068902
17198877
23531248
11400543
17468395
23095308
23142496
15107491
21362382
15955594
22330916
21794839
9828973
8891115
25024293
20828867
11844151
11265773
19620230
14587483
21518262
2122427
12665914
24632494
19152798
24783988
11362068
24836963
21319220
21311109
11002296
21119110
16627251
22542040
3466034
25116714
11018171
16087247
20649844
11363223
10550787
14973129
11665971
19796866
21076023
11114413
1563105
18922143
25135724
2157836
16596201
20045938
7859140
21515789
20714035
11861411
8853439
10666043
21597001
1454570
15070768
15681026
12081181
23762272
23720748
15993511
11510019
19506483
10682385
18955379
23402613
16493338
19414383
20079702
15541814
23220097
12927372
12890726
23911424
12398889
7754312
18227145
15564745
24962358
15920172
81313
23358011
11459203
12562921
20184588
9989972
21040405
18454552
21668870
17069901
18665176
15634014
1284048
15207868
11365267
23632889
23154874
20400407
11324828
15943561
20451318
18184876
16327728
612702
23806955
7706231
18981155
3391708
12175273
18027877
23432107
22366278
18035828
17511868
10755304
18593350
18612309
20553902
11367177
12032145
9927866
24296757
12372430
23071636
18294346
20178980
2729928
1863416
12887267
16837613
10665106
16182316
22358417
19152342
10634205
12898541
12568414
24821809
17313705
22941896
11679150
18389089
20081837
10582890
1517526
8813038
20149322
16912065
18500511
17058783
17239009
8786981
8807591
16715132
8807202
7678687
12227991
20148091
15674349
9566927
3138890
16816111
19996284
11717437
19877651
2371289
11584997
16021874
7801986
8692720
12057925
21356208
74337
24203098
19042187
12203116
20723893
20919924
12461429
17184579
12175364
21636950
15936741
8718613
24275349
12110609
7678429
7912097
9026654
11014343
21249766
24521854
15126108
18450586
6688498
14510492
19918798
1371606
2852679
1914362
11073113
24363959
12770866
16051632
19941945
16977382
12239611
18379101
17213811
18466358
10482769
20606306
7949502
16821647
21397024
18679363
15955243
10699997
16954738
8393211
17991613
15794984
10432655
11134272
17934065
24239285
23539746
16516635
11055976
11364368
21084396
10397553
20712135
19541625
2252575
11570091
12184250
9103519
21994190
22292578
9860486
22218281
12412582
11366568
16249722
9342081
15372456
9302437
20942929
22467572
1707643
19917760
19190496
19194554
15840516
16367931
15910813
8631780
1310734
24515400
17075495
1694454
18329792
22550637
12851698
22097937
1849573
10687426
15717257
19700613
11925448
20573806
24729492
25146692
10716518
20575158
23796869
22515890
22722711
18563054
12678725
21564164
15492818
12934177
10893719
9570299
19037603
6361807
19474467
11527948
8654804
11364462
17804858
10562585
20936623
21152032
11071877
17680650
17197813
22675256
17915810
3463865
8605068
12427859
21321976
2271622
16982866
17198016
11366542
2041970
16247526
22061780
25053495
2852245
24275118
10846596
16884771
12362301
8523406
12100379
11364440
17061962
17123493
8647234
20012150
18682709
23081918
15378847
21203975
11905801
17296311
23824972
22121393
22411584
22293066
17384772
8094279
19481953
17675399
19013509
10369846
11737385
18838747
14550750
23632129
6158948
10780393
20377515
11364363
8186281
1688143
11850793
25283826
16152714
21085662
24833013
18524938
14628284
23881260
21382714
17576857
18071333
16584129
11364309
21073442
19027820
15781186
24040241
22524837
2597189
2282388
2712436
18240879
23430124
24431895
25091302
21742033
11365987
12752377
19812066
22370092
2532202
7533197
20869336
23273211
19131884
8019472
11745928
15480303
17145871
20889625
22893044
16199534
22389670
19661326
20107518
17595379
12903265
24151856
11381061
7756514
12714616
17510468
10985567
25539905
15273734
21862359
16951947
16376453
22207076
18291368
20576506
23680829
11788724
20080302
20479953
19442697
20862783
16145048
3815391
15717258
22411014
19033423
17514878
16294294
3018126
15383904
15570067
10456852
7940412
23796563
7868296
11363145
15305892
12608233
10228320
21382019
11953482
25139839
12141238
16565438
24749558
17449350
12760857
11158047
16428493
7834398
15810166
15561817
17043128
23522247
11221254
23526566
12792349
21131060
9064718
9865386
15942051
12626596
2556809
11809184
10716503
17159987
18597608
23786840
12238530
20826049
24242331
18710323
14635540
11248362
17074014
20587848
11980663
18491273
8217898
17517392
10114379
15090770
20944115
17074065
19133217
10546785
11363952
22692005
19438726
19177436
15994058
12351952
9875403
17713153
24282277
20028852
1903844
12019069
11366246
22751795
14640384
11412965
17511031
15096655
17311257
20880684
18004232
12113550
17366039
11420239
25010478
8257128
17242147
22537539
16094743
10340939
21402856
24067671
12833035
18996987
12085368
15482214
19303837
19571381
20150961
19024921
11345223
23125218
2448794
24607498
21177782
11362759
16822827
12034036
18171591
10226066
23037839
15743182
16951231
18454857
15077124
17639086
21334101
8662668
1661316
11144645
16461777
19541892
16434596
20398369
12459165
11261835
22108292
18672526
19052131
12093482
20926993
23163811
20307579
10885424
20032546
14633604
12534561
17827720
23968223
2224694
18156196
21907835
23625515
24820887
19384947
15754452
11254500
16186323
10200859
9814867
18441381
1378099
7481352
20826091
19426678
22323541
8150871
12455410
24183313
18940786
20593020
15047700
12297109
11419503
19429074
20433742
15199318
19144181
16400744
8438864
11990592
20164465
16238827
22739362
12649343
19222147
16720625
10619755
17045751
22386823
19442827
17290148
15234856
1365590
19493444
21232178
10720495
12069959
20385121
17340559
7524439
10982805
12045487
17610214
25127175
24383468
22336148
16430790
2482011
2167170
7622876
20622005
10088737
9298757
15371132
20424119
8695409
9298118
24043792
10495628
17251480
16926808
21515757
6616458
16698926
19956867
21412066
9084808
12752372
21828059
21219912
11373775
16804854
20807431
15949629
9082095
7520785
7530668
15066143
20031206
12933794
7662927
16478523
12398898
10459958
1607710
10886532
8980767
17950285
7902254
10934196
10194088
11859969
24941877
9629471
11605717
19129286
1281882
18434635
7637256
15757587
2672331
10376616
7509144
18090299
19134331
15302142
21068162
19442131
1525830
9619824
17327109
10716011
20676919
8535361
3857969
16763198
15954985
24935341
19216230
15450945
1839091
20942650
9818769
15545357
16399222
24088045
15975999
8746086
15313141
23259177
11101051
9573032
20696157
22692631
14581377
17243276
11672940
15671799
20347035
10734183
18031583
11366218
15507498
10371180
17901126
20709801
11358893
9367818
16395807
11042663
18293408
16951580
23292665
20458619
18064482
18819029
18276934
10610439
10626795
22613967
2022589
21571041
22763387
15738655
19661231
10224206
8220750
23434382
21115901
15632272
15994025
12416653
20825624
15572520
18414702
15087446
17447313
11025760
22042945
12757739
11873007
11986694
22954585
23828231
11315999
18706970
20509566
16885091
11852051
10642578
24466178
20023693
8381032
1925447
20386079
10606095
11282554
17680526
10513665
8021914
10353255
1850192
10766348
10234599
17803348
20049476
15595435
19887119
15119290
10727451
10855539
22720874
17049123
21317202
15385839
16941693
11491417
24175766
7861015
2024975
17525155
20847117
17250650
14708704
16522733
8744286
16978723
1388876
20656372
25246340
17682999
11522938
20378689
1616651
19582878
11363450
21175812
19226379
15199868
24947533
19118579
10919138
23831331
25411830
18096828
20847082
2420775
12673129
9814860
18701501
10727446
7031660
23981688
15297269
7799675
20102271
8494381
18339636
21770762
25283857
16809307
16911930
20884963
19401451
20376724
15798002
2190976
14871140
8198162
7531400
21031507
21490228
8687496
18678613
15916438
19188429
10997396
21538359
18201730
16946400
19066996
10579976
12523458
10925460
11216939
9572909
19017294
24668818
18764771
14989190
9032338
12742572
9838001
11007993
15355318
20117835
9065170
7888537
7684163
24100493
23159806
16730920
17366667
19230429
21397656
19643954
21079690
24112551
12462283
12858047
17261695
7681216
10819437
17682103
17872579
19800442
20103953
25433664
10353158
19725907
14657037
16810313
18082849
16267763
12804001
11296270
21849432
20580668
15815581
18981397
17096489
24304911
15489892
20860030
20057310
14682278
23636286
8285643
23915251
22082535
2163339
10216146
11061576
9240866
16126171
11361889
9845497
18430418
10506508
15501037
15569677
10211099
24046015
11189941
9033982
9826041
15534110
15987773
24277930
17537988
16802849
11391172
20720476
10915071
16844765
16369913
9503329
20139322
18366448
6319557
19592502
16033417
7703834
20886098
10797569
20097879
15389833
2145976
14523278
16464183
23725164
16941775
20980480
10659875
19898246
11014033
10981259
10207569
18034524
2016729
8204519
12973924
23298809
18035357
25515214
10970446
23275721
21926937
12135878
24449822
12122361
17417070
15751772
22940146
11803948
1666112
18785154
24788939
20980871
16769254
21115548
11364991
17317161
11423349
25275500
22223089
24037182
19739937
9407377
24312465
19999354
20018257
22306363
15747468
8176648
19533747
19210112
16220077
15144607
7528954
7082365
21350328
15129877
21472131
17501691
7683141
17926643
2571024
22722977
18693123
9520161
16820077
14587066
17197254
14519040
11880968
18820286
15128666
15795650
12733604
10634924
16919029
1704225
2719717
9137867
18476539
20940404
23943851
20004178
24505400
12384373
16003227
20546860
9527795
16968466
12569875
19968749
7516580
11361848
22210755
8983858
2448352
11091069
17457088
15015638
17666859
24728257
11832095
3258602
15561099
12859329
8884811
19443905
20506525
12499169
15164974
19866239
7552477
17187420
10530708
8382122
12483147
81880
18507841
16386107
11134469
21040410
17669210
10357379
21294159
10567948
9039929
15914627
2838569
24301681
25284615
20106944
16483547
23576730
19398648
16651240
17896967
24890161
19165496
23412015
16531468
12543650
11865194
16029324
8031068
16793888
22461011
17476462
21416283
19052126
24504365
22551561
15862694
12879808
17952619
20083859
1384989
12660530
16837924
11364620
14691297
17096768
1962970
10822088
17546055
15912614
16857748
20736153
2464740
23135751
17464964
11365007
1954356
22902867
12739475
16638739
16284075
20340127
21056487
18690847
19637416
11646735
2114544
23850265
9660180
8975222
2430298
7796155
19633294
22378302
15994083
15453331
15078472
10552991
21515785
15715255
18543699
19602924
8625305
22044301
14655001
23056314
11944172
17896807
18555936
15561840
23590230
19501159
15631357
22736302
22424783
21120618
15448685
1816109
16108174
12091849
19494839
19164785
1575412
1974201
14558412
24597697
8429571
21251654
9498290
20500232
16258759
24699020
20219245
15972960
15602126
18248298
2623653
15525571
19509480
12072389
16956530
3163108
24337061
22310825
16011534
203772
17911406
15684830
10871847
2992074
10983642
20681027
1339590
11861924
12505058
16502469
16105834
24754315
20531463
20632117
11365924
21480388
22784989
15812165
10814076
21683097
16404607
12517770
2203263
16144796
15353975
11257034
7533506
19457140
15155736
10514284
17692425
11021539
16438650
16910829
1364721
22577290
11562963
17259987
16537794
7518217
21856447
24020488
7751388
19004656
25463278
16225898
19837345
7575643
24920674
18626183
21261505
11499790
11363517
21730794
20418913
14625825
1355579
12007875
11082295
19704170
23300238
19182209
20855891
15234858
15951564
16351454
11893907
16201905
16319288
24731689
15484279
24240679
12888921
21063391
16574371
22156961
11365885
14688455
16052084
12659684
19835489
24880247
19688818
22678424
24909561
18639684
3208837
19828320
22777424
10991943
24338739
15387903
12560560
15870435
1988507
15320730
18297706
21656655
23417197
18370438
10780719
8584325
8178710
8787904
18438925
18552199
7578421
16174530
23887168
24914134
9145853
18549313
24928295
21395646
8913335
16271352
12407167
15566502
15717313
17589392
8775800
15821434
24460279
20235790
23750780
17696121
24150986
17637268
21911385
12915695
15182307
11948118
19734670
9652424
20978280
15829932
20823290
17576828
20378617
15095367
20194723
16042897
22316571
15812362
16856618
11521973
22351671
18493852
12871219
20346223
15230359
20193313
15526045
10881027
18465473
21997370
17273140
17177994
1366054
17046548
2265028
11893792
16482090
15072578
21147914
16478496
18240956
19998057
15964079
25299544
17014826
11467786
18058512
14717587
25005755
10395147
16140275
11130397
9003362
12105181
11741927
11238528
11499121
19950430
22448259
6999068
9203627
23717080
19960345
23727179
15247338
21893190
11799446
11964768
2903271
19250836
12852788
15355996
11366114
17721119
2623231
23532886
15905052
10772724
19453906
20445074
12090760
19233605
10984563
11366115
2826072
14522979
10754221
2261143
10672008
10820293
18672533
11365207
9184656
11322255
22955279
23924639
12773651
23941256
16132619
19484144
17166886
18776415
24012998
21282451
16002375
12592345
7523675
12079557
12893292
9075476
20703254
16957808
20695976
19175883
10195483
14679201
20080132
2324439
16814587
25040685
12870459
16248067
1453323
15978185
11669464
15214891
23686525
20829349
25070481
17361017
18204075
11563596
17139186
22160620
16515552
19366699
9351902
16529725
17284429
11659598
15856009
18721215
9153207
21421857
18621907
14743040
14669305
12184530
14634041
11361565
24550717
12082590
22915463
10622039
18991250
10874910
22032527
16470116
17397012
3189384
15987916
17325660
20649436
15559568
10208976
19704171
22159411
23966861
8787292
15901830
21094244
7838655
18711664
21311026
21239999
20710063
1848617
8679832
21642354
12952965
15060438
16206033
21873648
16330024
17520678
2534864
11741169
24614212
7751690
7937518
16251287
2208948
11917245
15307596
11153076
24415645
19557001
22323191
9831551
15920701
25118795
16942658
16132345
19776014
18221983
23962909
7811009
20565543
20888374
2515880
1656183
12942856
12785123
17786182
14636948
12054511
16816117
11950784
18832880
11505831
20097210
20618971
15075508
18555840
15483224
22184430
18633128
11409691
18676628
15272850
20554944
12837219
20546605
24684270
9603976
24938526
10821762
18370693
2409414
199849
11420216
17583387
17542153
11136943
21642356
10574178
6286645
16982870
18308762
17703531
16386595
9024669
20530686
17503750
3310231
22405288
16184548
24597870
21622115
8453623
12699010
20455758
24339470
19938227
20644332
9151289
9920940
2735626
1715337
19480682
20003375
15228231
18164582
11103043
21268724
15001697
10988266
12728904
16401273
20687886
19035279
23277506
23769981
16198006
18569455
18024510
11547460
10482980
1864640
8263554
1282311
2417552
10513645
24372395
16798747
9026635
11061656
15459233
21420502
12599051
20074411
16269011
23981382
17418982
9689572
10681378
16724954
15591497
18176329
10971654
12737134
21151183
14694988
15668231
21241166
9041327
15777799
17886323
14552777
11362215
16377640
22462734
18825721
23314856
20636728
11209031
2712547
24445056
11965919
15111865
2452518
12131210
23311427
7857313
11863297
20523203
88001
22436539
2466368
7476971
3157841
22294484
18635526
23781148
7594683
8551422
21810838
18221135
15328117
18486994
17227467
16568085
10878071
17898295
18535296
14565207
19372561
11365120
12586298
11835353
19601885
11366497
10563092
19492312
21187671
25151805
22898601
22112164
11590498
11780359
1724111
11226231
23645665
11598845
21459756
21731578
24902944
7588221
24046120
23291318
20033681
15504297
8546027
17198402
22279582
17988612
18031872
16156882
17998393
2155598
24361860
12861481
15838914
12721718
20810110
18207697
21093577
17872943
11362303
1907668
15051645
12324873
19170230
9747231
19082473
16819983
20306657
12679701
11363781
12741726
12809503
14529522
10814841
19403922
6692357
11730792
19299211
16951243
16484320
19349364
25436070
11063355
23378360
12503085
20302927
17488654
20010480
2078030
23970206
12089423
17513123
15649366
2032444
10836753
18491370
15795102
15178778
16913492
9171219
7692811
17926650
17289612
12438255
21330667
11796513
18981097
11964530
12442003
17524198
2267824
12795648
20970818
9872684
24327583
15219572
19371443
12850275
1672443
15882944
15304301
24505452
10505673
11361892
10716008
19380285
25402745
22005058
22239233
21480819
15486849
81487
12672950
24410402
11480792
24513286
23823576
15329215
17087951
16729304
19104011
8593019
20855863
17563396
25223699
11212750
21778601
12946233
8997487
20875833
24999865
20416369
1937173
1418778
9543447
17636172
18055825
21205145
8888020
20615459
19469474
12883402
11373782
17197377
23527257
17361129
19935899
8603961
12448313
11799967
14583852
14735434
20631178
18240328
22032690
17400067
11362587
20300976
11602042
21858174
12927368
17961120
18293166
16904976
20538760
12120884
20495567
21291607
22301477
12912997
20032006
19961928
11361730
11807298
19328850
11225486
18675339
11745435
25472825
10954727
16253226
18829944
11606324
18800765
17561117
11810862
16816358
20510251
23595153
11744163
2106022
17683829
17400267
16826583
21343882
12639255
10506438
18308358
10917218
25533206
11694623
9875388
24953602
21622023
18158073
12444070
2508452
19900397
8388868
17666046
18391893
12059946
9652425
18614932
19951584
10908524
11483593
7588824
6160259
17106274
14562856
15797366
10736565
21205741
15950950
22544084
24694932
8793009
10882616
23516443
2033590
21277149
18540803
17935165
11673579
16902988
23323843
7152764
8734425
2465303
24119448
19889213
7809614
17081812
17695521
24792516
19353537
18371438
9789620
12153521
9217998
15282867
18410608
22564582
12954766
17338229
11365997
11205865
12698988
19059324
16215260
11351295
12087136
16390465
7808425
20040897
23514375
12726922
24689344
10494762
14681514
16583266
19032162
16973670
20074672
18949402
10327606
202732
10431574
7541618
22668020
17475921
24287617
10861070
21412184
18197124
23971924
11118394
21394100
20380793
11602688
15049336
21114462
11530368
23603336
15893313
15505636
25482130
18343226
12527903
11866301
15607619
8852992
12398285
24352658
17689566
19235267
16497811
10089906
2590108
3468359
16936130
12883638
14711310
15367103
20974203
11317086
14518699
12577192
18337118
19632850
21094287
22571666
6734601
16396066
16464888
221331
15675494
22158948
18281305
25305453
10029088
17622116
22147982
9333039
20728939
16148846
1931714
12577194
2585664
24445365
11983263
17146174
10102291
14742213
21857986
21951556
1517970
21062982
19497102
10874998
23421437
22877648
22927035
15883014
18433924
10853977
21881000
11087582
15964853
10696250
17654464
24715445
11366488
22305619
22298888
16211654
20977413
15556138
8123619
11242149
10508823
20053818
19687748
18409031
20661221
17881462
24204662
22574587
11034446
2291664
11324720
12865413
24094509
9628841
18320257
17260830
20608938
23157601
17628515
23414097
8913355
23262029
23278119
23317201
15292717
16799973
18250904
3072672
21791703
17065321
17872376
15096805
21478254
16206112
22504027
23425779
20515825
12613513
22466477
17226901
21779394
23555926
20718629
23754446
12083326
24510012
25318890
8222772
16959781
1674495
21510768
17963429
20599928
12057920
9787289
19110909
24418776
23924642
12407685
15095972
12620421
22438332
24214102
16267764
11298826
7855464
19878873
17532054
20834093
17725605
21248758
2207914
11950160
1379423
7654340
11574912
15015937
20501636
23071680
19567322
381311
10428900
7997023
21684282
21921848
16943582
10964683
21645504
11361978
20587660
19810103
7910339
21438780
12942543
18780875
7841699
7620029
16879877
12970365
15066269
11870986
18578990
22374660
20709201
19096457
12566295
22474224
23837472
19654923
14620390
23961647
16290311
10592860
19004025
25304376
12716515
14613715
17692211
16243048
24486549
20614491
14555504
15882882
18419454
25245053
11415850
18635456
23096938
18414457
21381023
21504804
10853971
18389899
24289089
9402816
19280222
14522500
8292811
19482256
11435603
18178092
15501243
18166107
22107987
19693767
23018371
7712240
16600861
9385878
8942805
9865383
15694578
19100232
19172465
12704804
11606399
15602122
20456556
17498478
20512084
19429260
21149926
18456322
15472830
10323592
22410565
1322645
11705783
16931938
15470768
12534961
1686180
23389998
3164184
12031542
10997978
24211484
19022262
15026551
20595047
21949396
2807386
7544630
7688571
11278420
17259905
18554473
11258679
19389836
18058507
18778234
25538272
12359436
22201648
8182797
23964105
20510451
21435569
12785806
15274747
1832858
16565722
22097898
8540876
16129604
23209128
18724232
15297399
11998782
9619820
11708913
25397551
19738431
9729412
21392556
25458175
17367260
18511573
24156604
12807725
10322129
17558353
3482710
10795595
16410944
21605631
19194549
22669532
8382096
20628393
12866487
12890358
16131590
12177173
19398661
11375906
21359529
22161019
20725100
17016690
11365040
23688356
19376115
17117909
2435201
11834953
23643150
8308702
25192544
10999827
1912844
20467944
7587359
21499675
7459875
19891251
11525803
20814167
18396721
7491007
16278590
7826200
10743524
15791453
21880398
15961673
23527233
24413315
19609211
18453859
20566666
23126291
19301976
21763935
22781224
10780713
14606614
2571960
2521518
21267784
24242705
11481728
16775116
22338485
11231744
11966686
15259294
22771494
10409476
15311968
9624472
23593328
10465091
12627352
19214992
19279445
22385203
21343443
22739389
20681953
17205528
8101873
8864237
7865215
16303967
19047102
1925359
24371237
19159530
11913076
19528666
1686351
15686922
11144642
8796051
23558069
16676120
11366935
14607338
15246557
17114427
9631158
19895208
4139240
9101009
23106285
2091004
16911931
17567799
19141682
23535237
21279330
16926187
15721283
2478388
16290189
19420329
1472279
15218990
11227325
23207506
20434230
22949882
19691465
15834440
17895890
8664167
21964996
17587303
15656694
23525978
7789724
10432707
19200258
17066898
16881008
3479677
11712105
22044682
24439027
15670856
8169401
18088241
2445905
17643416
2018049
18651859
9032361
11956628
24641488
9814861
3007758
18202115
11284024
12216663
16518962
10382633
21725014
16239399
16265672
21940383
11522181
11371692
11402860
20353366
11700164
15950294
1981526
19776509
24112515
17591907
22090789
18374663
19203548
9952362
17302251
15269730
20529321
18288977
15905168
9255588
17719864
23282281
19590887
19201776
11134133
17326861
14744818
21151380
24212657
24008724
15477014
12487389
20671544
11744842
15764820
17003279
19095954
21553651
11448283
11360034
11742439
2525628
25034490
17428392
18210748
11410404
17534624
19621987
16451069
8016962
21508362
16162974
8471208
20035165
9454783
15060444
23287709
16143711
11408178
10902815
20071678
12706627
24362768
15470593
2555006
8357556
21040473
18712632
2060570
17267485
14733913
2626231
21890538
14575637
15604136
17053163
22537152
15574877
15139977
16683270
20805416
23092285
15055164
16340198
19662097
21625550
11073358
11003636
11959895
23322999
10984571
9392884
19227559
11480544
15094305
23580179
3629977
8781348
9352294
11158746
10875471
19726678
22466093
19996748
16612473
20923388
14981758
23188105
17541033
10432729
11938042
12742578
12480175
11150311
12541997
11654001
19843672
20723213
18187174
15110339
15976001
11947902
14519801
1732552
9443109
20070439
21444706
21315285
10656253
11527408
11668280
9583733
21855107
17003280
10622043
9882751
3139119
19551867
20556524
12375265
2111165
8932810
21602929
19721063
18260807
12970752
20499665
1575721
19392628
21123845
19893032
16476009
17897297
15480428
15238874
20427248
1322467
17516533
18410145
9887991
9606879
22237241
22123689
21553555
19073710
19323627
12829991
9017364
21197270
15544693
23687169
7538551
17360132
17806102
20661217
18566996
8868002
7654118
15980226
12707454
12499178
10541640
14974348
8563582
17907825
19221999
8970701
19318518
9030383
24650096
15761750
16432534
12593383
12947866
17924536
15803450
19577445
17461718
18299665
25418725
12218387
1863644
222062
7650535
17166687
9878214
9611256
9241107
9179345
11344321
10336553
1883367
11084085
11653301
17912432
22749218
9336668
15228487
11362105
22293546
23950153
20507208
1530972
11367044
10386939
15591138
18327464
21738740
15883285
23707953
17943711
12581892
19926967
20463218
11364831
24814823
3164686
14731142
10716516
15358225
20302672
19276989
11892955
14688453
19424637
18474584
7678812
19431210
15921764
7802702
9570285
11364990
2752165
7511360
12774796
16387930
24813473
15651744
11367249
9556622
21850253
16109713
1670826
7048948
24694927
20865172
19001526
20879980
15607966
17389513
9513079
21447875
17086188
17827021
18941117
20201183
4119319
17053351
19275699
10919289
25335841
2409066
16885993
15563545
12957459
24337141
12606487
18928385
17990370
16767161
16621244
11873008
11596023
20159855
10471475
22096971
15219803
16816577
7757316
16566084
23396453
16406476
11920313
21398611
25100846
19006480
8158548
18614925
11090175
16254373
24842573
15541318
20802463
20570633
11342774
18220291
12934126
12630487
7534067
2411723
11718074
16314733
16008501
8583254
16582598
8529635
18547707
21829520
10546783
12743322
15733953
22561747
17964672
11501192
23482671
11590490
8036032
20215712
16046022
16225410
11857521
11400003
24114722
15072850
15878913
18090278
20808319
677887
21669242
12235465
24705335
23316755
17045121
17927766
21810446
14565607
7539709
16636136
12566550
17178913
21664222
14654326
10293942
20954462
21712451
8633078
21532160
12799577
7946590
23110995
18195563
25133713
16673250
7505744
22084410
20044623
21224483
22906365
3149496
10548520
1710021
11287183
17331947
15344657
18076062
9415572
11087760
15605678
18194265
22815706
19433557
20109524
18074095
17083567
16984740
25151564
14745287
20368303
1717011
18469159
11365272
2407963
11044653
21050358
8166455
11647254
12606479
24043274
23171153
15279653
11363894
9419197
1725878
19344761
17504919
9352259
11252584
20166170
23517497
2111332
18551072
20209589
16968891
16002564
18636553
22341640
17055073
3165310
12054599
22024508
16116312
10846587
17075490
7619738
15306677
15823181
21597390
11545738
15265256
19738426
18025234
19763813
12138351
19694814
16470118
11050072
2168144
14672069
11767002
16856617
7520080
19320247
14612409
16021880
14643349
10587349
17683579
21444131
17459421
24670364
2318678
21628558
20085464
10797539
21346512
21573233
11230439
22635417
12775967
16432707
10933057
17389856
24672401
25184314
17463157
19778270
23784465
8011722
1668554
12379770
8385880
10620119
15918328
25414314
25111461
21217645
18160843
23163887
21190014
22170537
25100352
23969530
18021178
12742119
8538185
11081089
12766812
15321739
23620481
17043425
19126791
10674233
9655541
2117830
12014746
14578199
11719504
17611651
15242535
10746929
16885781
11870544
8860968
9223725
11424105
21592854
2060959
16736053
11727571
15602832
16507120
17665183
2512828
11216932
15544453
10798293
10931510
18316706
23124592
20089873
21726369
17125606
24914332
17725180
19337376
19087354
16562366
19328202
18576910
17567542
21300032
22529366
24151146
21185392
2669472
8739597
11363136
16912956
17714769
15247624
18208491
10930152
11594692
15634594
25397597
12880494
20124551
2019940
14505350
11365851
7749792
16755029
10858452
8656503
23900457
12963392
15714438
12453566
22571264
16968411
11394898
22996241
17494951
17305883
23950211
19263289
14693562
19464576
17889861
10348838
8892397
2155325
17302909
12125608
15716585
8388473
23769217
20943999
20589681
22398572
22382634
10934347
22520384
7914232
16150933
11322783
25451165
15794978
12659309
16101581
22096405
21109985
18310289
12889482
14659972
17262714
12804589
12657612
16611347
8531310
11014127
17960376
19826039
19672593
11238208
15572370
20203269
17518522
17299714
15316388
10220949
10858331
2293639
10632464
16259646
24720987
16925730
21317204
11552983
22820161
18477895
20829678
22415894
10993652
11064770
16642218
12667245
15577657
9547649
14565604
16567704
21270316
11366194
16043875
16919899
17438047
21511699
8673598
19918101
12708339
16125137
19397802
24585101
11131704
15489902
12861144
21931671
24920549
16457634
15731740
12154205
12085345
19808661
22233535
24248598
20837762
15521230
21377995
20069395
20514549
14975584
22472034
17129410
17940500
16685423
11596076
15014075
15244167
15629530
23964518
20493878
23500900
17960101
16755518
15476591
23222716
17111491
1886830
19258592
9929113
9766497
24165884
1603356
16267829
17464317
12887997
12868924
12604647
16470121
15026254
10769631
22596182
18842998
7529014
21388525
2849000
17569128
7477167
23982262
22209291
11249134
11095193
12961761
15630049
20144213
15664342
11730719
19095969
16707625
21840424
10839606
9854567
22951420
15667553
17713983
11204216
1877607
21329139
3280842
20011606
11179495
23396017
19893980
11403357
8908935
16246449
11363891
9127225
8203866
11844796
7578718
1351613
15297408
21355515
15703361
11278327
1313218
20834042
24586865
10331440
22562773
21333726
11708782
10879645
20600301
19959648
20484045
20511185
11367453
15177500
15877677
19535202
17363500
11362192
15958610
19557408
10625637
11807442
23822752
17934191
24039252
22039430
14562855
17645504
12534855
21901250
9772165
25223386
8628011
3422714
10791391
7994613
12480565
14754894
10978152
21702998
10223697
12734096
16375615
25344539
1323985
17451653
18936885
11940307
10997391
15773908
1374726
18239058
15453310
14733783
20460758
18487070
8655998
24606648
19423763
21060108
15295692
11577025
15819974
12664060
8716137
14585057
1382453
25403670
22170576
16731799
22761647
11073135
16936124
18160002
19372897
20350129
3263514
23043453
21037251
2719688
16149051
15198185
24051055
15731006
12794196
11289117
2572744
18431229
18215977
10432713
18757424
7014567
2398459
11364274
16917513
10777591
12710214
1868898
21829205
19779705
10194407
17622838
24744212
25612940
1444321
20109548
24214091
22675157
22426469
12567153
8939883
11112580
10773011
24876747
24759452
21030459
9712166
16329710
16313518
22222724
16522649
21988586
21311113
16354557
15122810
9166174
2460236
8700108
24492657
11316999
18304585
9264293
18335234
2008209
15336449
17476971
23481312
18077507
15806136
16202218
9508630
23268706
25037229
22886526
16139890
15090744
21888967
16262155
11366827
20032560
19773112
16270871
15948116
24679159
8439979
9833957
19949899
19549253
12506073
11366339
23797059
1328838
17931977
19898473
22397759
11558455
11364268
14760014
21742899
11964391
9517990
24204697
22223846
9883818
8095516
22162956
23148419
19808698
10806648
11069251
18006502
9303380
19328734
19114674
19189315
14612454
20506517
10561307
17521953
2174502
16314839
8216016
24252528
10618125
18046654
23752175
9515665
18336887
15683243
18565277
18823003
17049057
7905210
16084026
21878201
23710824
1971076
17407831
20695888
9893670
21922462
8876661
11494155
15525729
19502594
18775916
16039955
20095911
19828928
12402803
20625077
15914110
11156959
17545716
25056673
7902535
17110501
18413810
18263607
22417971
17855767
16954228
22247258
24599327
21317581
2754700
10449274
24848760
17178856
24051933
11884027
19112094
16382463
20417152
16123408
20936411
2472774
2569766
11189733
22874515
9770176
2446633
475360
16768833
18591782
23656450
16427608
15801834
16798620
11242146
17786356
15942664
19764886
15303979
11563112
7614898
25164432
11361938
12689411
12874795
24249397
18973822
24222130
20051929
14767982
19356805
7902534
21685540
8335043
12794551
18684446
18176944
22476717
14718646
11160766
15826941
20538995
24720784
1445432
11320247
10433561
15476228
18624724
16373002
2570186
1905587
7684216
9014924
2350460
19181858
22076618
6271054
11454178
18364269
22401692
22144105
1387417
22528445
21109975
11416729
14713848
21532269
17331042
12015013
15058738
17376760
18080033
21239894
16964427
11366375
10840365
11125904
19264882
10445099
21819809
12879531
2257294
10652435
9834791
17146291
19220840
18605188
9923790
17230494
18396383
14743205
11364216
20179225
20020491
18597632
1691922
20805418
17953671
11832679
21512166
12023897
21761349
16095112
24470554
2243510
22240840
11723115
15944755
15736432
16610115
18423660
17516391
18625211
20962226
14974210
12152394
19663689
11362465
15062877
15247255
23454677
11737863
11782598
17949889
18206854
8280167
23392460
16857719
14532843
14506252
24222108
17955387
22197982
8830197
20615444
22719859
19100307
20859083
1824554
24164196
12647676
21850166
10991954
12472959
20229777
22851751
20438801
8836823
19692292
19958227
12185972
15224987
16985004
24277178
16508228
22172489
11668930
2563536
19914091
18633031
16305512
15736963
18248854
19921479
11504976
3422548
17724147
14996671
16961276
9396786
24354995
11557463
12039635
9430170
16268821
6277381
25090712
19570701
23122949
1570633
8338352
9293468
19338975
16954732
22035792
16375612
17632853
8305575
17575213
22497450
11820727
10923410
1859446
9736530
12770936
7905522
19646966
15592523
16358620
10682152
16404424
1520536
23376684
22538265
8869081
22675172
20113474
18094192
2848584
10997399
25043304
16776171
16522819
17885309
8723499
17591028
4131804
2437093
21428970
15350741
16741513
2164273
11042348
16908595
16195446
1697345
16236124
9685869
8391674
8384649
11741175
10971861
1957136
19208835
10634204
7526778
10820172
9420039
17289797
2410113
21165671
11298066
11362028
9826719
21233301
24530860
18385505
17511378
8329011
10848900
23260487
16871563
11365489
18188549
8965499
8076677
8245008
17225317
11119429
14601580
10630996
7915097
16025744
14871586
17047492
16019563
7684215
12535733
20394405
20453884
19996323
16767677
11055672
21289055
1927808
11142619
11363389
20609223
16128941
25051026
18500543
15556626
7770391
18708578
9562042
15364971
12541992
15867493
10643850
10228947
24197981
22884656
20722506
7929126
2085161
2301209
20498326
19043879
11363232
21282425
16009452
9060678
10803284
8251142
17287474
24418728
10479780
17884947
15865220
22976953
19319446
20952529
16552707
17612398
23053327
20851280
10969348
12792744
15329211
2168689
19875507
7615782
20129931
19043922
12576334
22989004
17877643
12750120
17725425
17163492
21552146
12790326
21751234
18948142
19477640
8634184
17303010
14604740
20840540
6285005
1967736
11212098
11045978
23009653
19114867
10572290
21513743
