20336771
2178265
23102460
9931442
1386485
21470024
3130679
8787899
11873863
11364975
11279893
18833024
11546775
10973630
10777838
9500334
1418779
24361357
11363750
10890257
20686837
21495616
18082939
2289325
18550789
7486905
24145606
18204079
19553616
11322260
17195906
18029162
15780424
11405468
21663840
16368739
16420058
12403023
16782387
11495027
24726448
11361799
18710903
17499227
12620361
7503549
19350557
23112433
23800167
10972214
19036090
14693526
16758424
20004152
8149453
19043869
9192804
17869377
22455954
10851124
18027853
18973993
20207957
16245249
17470918
7528921
18331562
15191442
11073956
25209054
15220416
10669331
25032944
1341601
11361638
17072841
21379380
11199330
23375464
11884403
11929832
11221700
9696693
11417702
20554918
12044531
21648134
18042503
16562340
23415090
12523284
10380215
16489011
15753078
10371191
10797372
22680062
19649279
23794945
20664938
21469769
12555697
10708461
8392310
15068000
12852755
2016685
19509080
11054720
17627722
21779788
19020668
21857282
11772310
21287163
12565897
2575492
11023772
11708180
17093080
21095203
18839781
17880027
24073199
23803076
9637577
9459415
14565671
19539222
1321986
12657161
12354751
21163528
12037788
20568224
15159405
21074607
15108674
8806849
2366792
8419072
14652683
11683004
10779915
18398994
24905586
23761023
22932321
19631528
16939493
15870116
16309669
15809768
16517362
18988906
7539472
20587058
11365547
17284576
8782019
1534839
10762352
7539509
24184448
23399569
22441248
17187281
17482149
20450916
7824922
21899897
15249121
10602731
11516098
22508517
21988658
22964634
15967702
18418905
11563034
10354036
15472371
23238211
7999717
19533734
21209004
9409216
12177182
1324256
15481345
8053616
7529011
19854240
14982779
24002197
24359841
12065323
18155520
10825370
22003224
12448687
8864937
10928992
20299209
15637050
10969182
18802032
19072109
18657551
11159510
12825369
15515157
23143096
9256956
9660845
19793911
15865229
22020397
10681546
21737571
7614897
8810995
20926560
16869815
17907747
8192813
11362301
21636583
8318187
11364450
8574138
15473922
3103218
19467248
22467220
20198324
1289718
9624498
19544609
11075938
21360071
20455762
21045635
8390093
10360802
17164332
8749652
18655822
17267699
11428055
11033267
21343450
9647345
24811006
1535751
8418180
9100689
23067552
19695380
11091247
22421549
7578125
24248600
16620701
19751724
19086422
12396127
9708401
21856742
20483760
19626645
16288907
16042894
20168201
9850731
10479169
15632379
15541897
10999248
9330547
22002792
11593058
9170967
11285187
15995959
20233875
19939445
8602376
16376136
1877399
1336155
11992513
9629635
16843603
8864794
20600579
1677108
16333527
23042479
11108981
23075915
15580628
8787684
21308745
8624757
1712479
23611597
21062988
22815834
15140182
10597780
21435461
23202794
6231137
18082965
22091990
15547736
16845718
21925181
20399480
22549045
17106251
12006705
9808052
24721998
15193492
12741624
17881168
11181150
17919812
10030769
19557639
8627059
10417393
25234003
15592835
20451517
20087195
18158773
17187417
23351139
18697216
1091717
16455275
12829852
16539673
9317140
2574344
15869933
11832698
18939305
23922677
20196953
9815281
11142556
24439482
22729594
18359679
17166491
8523042
25200185
7783349
21639685
16567372
1503443
17106192
15511068
14969715
15247558
16820336
10052445
24798353
7475901
9459011
19968079
11451173
14699155
3235523
10845933
17611660
12781837
23295258
15155281
8497766
12176136
14518703
2330187
18087932
12717049
18479652
20602797
18154934
24344333
2908831
15725390
22362679
15075364
19744523
20110358
16280122
21095209
19293775
11365914
10147105
2911579
19293247
11856489
1279172
10946899
16608666
19433067
22858089
20529378
20227401
16419317
19040515
16077922
24296828
16409631
15867503
17216862
7831833
18359116
17875010
24998564
23940598
15050731
15577211
17219658
1749903
1468324
15188379
20930312
24073286
21117502
11376869
17074018
21738649
11429634
16857630
10792990
10873473
11077473
12097569
24096618
11752705
19781563
14565318
9875408
19616084
9834939
22949014
24460797
10405337
10799742
12833142
11984744
12960156
10087502
19780400
25492218
2772897
22138553
7996976
16142742
20881301
6191021
24417960
12085263
20054099
16446505
15018700
15053048
9771836
25101526
6260876
21258105
17183720
9200072
9708346
21030105
11362720
12446378
16227408
22362003
21715304
19949053
1973886
16086874
23972039
12237599
20442653
144557
12039954
19738489
2342078
12807511
17803291
9834458
23095934
20649564
18328066
15590114
20209586
23754761
18476538
21379337
21947250
9473012
11391837
8005001
18834321
10915270
22227585
10367710
21077784
9791142
17651480
21671545
16837870
22398036
20084434
18226670
12478657
25359619
20542267
14592841
15771411
15687065
8595511
20861350
21038468
2590188
16789011
15081313
12200696
2110169
11367356
23774940
12388735
17459229
24145878
15883023
21217682
16762341
22262900
18040640
18840605
19098499
23318435
15900829
18089822
23257054
20096813
14980073
11364417
21931480
18294111
22369775
10207670
11953474
18025891
17984815
15242545
10432660
17363593
21637832
9228998
23816566
21349817
2312366
20195243
7747100
24090996
19114854
23079823
10549148
21418513
16749908
25557384
24413044
11647550
2214689
15249586
19584228
7524515
17366731
15735447
21036792
16027368
16763495
11363752
10764682
10470083
12894531
18519677
24486764
25173565
20849883
22504916
12429620
18789542
12869309
11366972
23207344
22995648
15980328
18258606
19876926
16728240
10389653
20974637
24901010
19357367
19818826
17003847
7539076
18348343
18480210
11120702
20422739
17121723
10861447
11920240
17906676
19824060
15850466
21453684
11506560
17513608
22085066
23054398
12130978
19861447
18753603
20586935
12667809
11396822
24987860
23216634
12460055
21220054
21056598
12838162
18590059
16883563
7544013
14578866
18806830
17475454
25539648
8241543
12693361
19417133
11369659
19298536
23052356
20607592
16431954
16457904
7825613
12183249
24518510
22935106
3236066
22921088
19430095
14719081
18768761
11365262
21560108
22318219
25192857
19439412
15011583
12469547
19472342
19036807
10049092
10915748
17360756
15456084
11366248
9495223
2205064
10681339
18205067
11005569
7471120
9065202
9454093
3258407
18989830
24372048
7679098
8306563
19295477
12221074
9835154
7504966
20480085
9202611
10102000
17696588
8656506
19339207
7509800
14724155
3023056
2121009
18931631
10708943
1384501
22180560
10772704
11897677
1682133
24722838
10945644
18018760
24466310
12527793
24525232
12434763
22170540
3047117
15971425
16236141
12396248
21441516
10619187
17852432
16256798
16760796
23166651
15456096
12239161
10479167
11694764
1368783
8564891
11684941
10760954
21690443
1349031
16152752
12111906
18550526
25089119
23249714
12912853
20392866
23458526
11678472
2582083
23483079
3012971
16935322
16872258
19079325
15262499
22833004
19445740
10075273
7643401
15809354
7684212
18373711
22803211
8112379
9881639
17711551
20353400
6320779
7846416
17700535
17904528
10432324
15276331
22007990
17678466
16958515
22098411
21671967
1369695
12606059
9587562
15094240
24500175
20158460
20976214
20204301
9849563
18538351
16842400
19552800
18618669
21317161
19362147
19479079
18573931
23261798
18195565
17197830
1981517
17827741
11408920
21858041
7535128
19486189
10200576
16407223
16251434
2259221
12667819
14685057
8834064
1804780
20588319
22581359
21360719
14980608
18090050
15907812
10873749
15475658
19465885
17197563
19739675
1714522
22804338
11319828
18573251
16289307
25398768
19666105
14578749
1508169
22134785
3477107
15675503
10418038
7824497
8540743
20375708
18387666
11363816
7623605
23444284
21424128
23683674
10452630
21523445
15574885
8397798
11821018
17143826
22297387
12681968
21557669
23475695
18491277
11744159
18081133
12846177
9709897
15850830
18789701
10786258
25345139
1995757
24158815
11914098
21556931
7572071
22120673
8527543
19567817
21703411
11365268
9209318
16118673
2841853
23732043
18452240
1663726
15456091
23564418
8556396
7987090
3059187
17183744
10825060
10229662
12467003
7701964
12020529
12791875
21262787
10392905
7730438
18779947
16450335
8008938
24142718
2123627
12187504
12187124
19241161
19728987
22127321
17959603
19328067
10956443
15764086
19474468
11136299
12683342
12654740
12080499
17515324
22457522
21553143
14568276
23554052
15681847
9746728
19781545
15991006
12390557
19276682
22626879
22609405
21781114
12087348
15099972
12176128
17050172
2551914
16025664
19090724
10931921
18226606
1845928
12774799
10694493
8270115
16136169
2540110
7479197
21187353
17803470
12028822
12730179
12270621
25066801
19709880
17439311
11390169
12083376
24763074
20547165
21242994
15544690
18179859
16385865
12637575
17468667
11362339
19295329
2496721
12484551
19440308
23038273
15994344
14623324
10810313
1322083
16214735
21062933
21130693
15059134
20809238
2451915
24364035
10855553
23582562
8850135
23028968
73166
22648890
15226394
23248240
24867100
21514452
15333786
17713642
9112998
10397455
23494182
12470285
23166790
17708577
17378924
19724922
7592235
19024630
17004929
23459496
12021200
21143604
2127209
11594690
23335080
16426151
16164998
12381314
22533850
22108776
20661085
16225656
23474755
17118988
18180274
9681136
8241956
7802783
12453880
12818968
7856618
17366549
20846563
15051170
10779651
23762317
9780249
21252289
20467943
15352176
17106258
11082727
16053762
17121360
16361576
16386013
23007692
15240825
10955107
24128667
20136661
21859446
11322269
21625531
18374331
15792835
16321621
21378152
14714184
21447999
14504105
10820559
21855041
19616744
9092026
16639346
21289110
17259344
10892596
25058587
20672157
9651176
21362121
20645877
15851489
12798398
22106227
12095031
18552342
24576174
6312879
12080005
24842953
16773027
18371146
7989580
8813046
10566751
9867557
11751435
9454899
19483299
17495526
17959901
9865209
18484978
10920316
1656681
10535609
16863456
17620967
18547911
22172013
18602901
20854202
11697625
8140958
14745117
20226688
22293411
23395513
21069346
20378362
8897960
1828567
12140294
24618291
20827166
20707733
1703063
7913308
21040761
21381765
12039842
24636833
15944770
11112384
10418507
20190228
20397192
17618586
24015311
7302124
8923052
20607356
21360548
11855377
10710214
19957553
10473669
7528833
7685994
21149701
7671242
11109510
15671271
25462257
16284531
19750175
15025741
10405176
16822200
2743809
15885077
9078271
19077045
11498452
8067306
16391890
15588803
15731248
16525667
17922546
4123221
12604378
18090876
17949244
21132269
15998282
19059744
20816839
22500384
16403772
14700739
16784723
10432010
20156106
9892574
17527095
15307572
16306030
15501408
15032824
16608033
2796904
12622930
10543887
23195671
15592828
24284479
18483362
23816944
10797499
12951030
14871026
8619578
11810822
15972445
10726683
12413360
24139096
12622742
11998780
21295058
9202660
1905189
9789914
10866325
6400724
15472920
14639535
3551832
15669130
23611776
19274774
10028345
4044574
24096006
10319339
20960302
17711990
23282233
19594623
9502490
12244595
1332602
10602719
17083569
15072579
11341512
24215370
7888536
11362854
17184581
12660525
18606715
10946618
9242546
15334078
22065875
18388148
11870893
16099959
19090485
17454146
24569300
7516680
8639674
18640736
12139758
16337839
21647939
18024305
16205109
19531414
11880305
9589363
22515138
8328750
15043771
17219618
15297470
18180829
12437618
9410098
9067516
18538789
17178924
19933046
2507657
22416006
7727768
21281239
17556353
11365844
19043870
16220084
11409712
23363349
10408182
17638398
22054111
17184135
2456033
22784042
10670046
10580116
21084261
20874842
23605004
17540617
21330073
16388540
16186369
16855321
19486190
15158806
25102089
16416053
8455142
18538761
11118072
17406940
23653911
19171914
12076067
22551813
17697019
23625514
10458299
15371633
15571480
22778395
10636656
12176132
23907270
9462667
1613150
17675231
20117150
18400405
24045109
18385953
20562909
11797183
22849961
12595156
16464651
24222607
19302920
19526705
23944235
7787939
20586934
20393106
11961668
10093992
23506217
20187798
2059707
17457087
15371332
12853838
14685054
16652068
2798123
3190058
16842445
15234191
19804535
23880304
23350232
17481865
10794705
23416260
19087914
1387130
21268076
11397623
18924247
15657354
11083652
14727218
12372412
10627630
23897841
12458338
24133659
16249652
15189448
24289616
19647174
23639800
22416798
20625401
16759223
1421391
15379894
12512083
17448917
15684061
20627899
11365142
21147878
10487163
19397953
24621923
1371886
2847711
21785318
24116123
17229858
14760894
15695555
22067092
7913730
18364470
1954249
15710251
19940610
10690421
11777343
11380466
21982569
14633721
11948181
10669367
19031460
12869639
20433747
2426798
20233045
12772661
18158922
2644363
11364623
15168738
10996395
20686802
23532498
20382513
2461724
17432682
15867870
17215531
16763529
8548339
2714348
15599400
15012646
8929754
21898691
11361872
23891908
20828304
9619806
9081685
11362658
10066640
11365149
16438734
18558886
24798243
7983381
11369435
16796944
21389328
18261820
15603921
17223856
22081993
19063983
10456788
10846257
7545077
18187048
15324948
16267739
23935072
22096963
18395431
2457397
10598095
21843608
16988930
23141566
19828235
24211718
15736435
11413298
22262677
6735963
8960895
22155413
15934864
12800194
25122632
22479362
14713368
12485835
10800531
24415347
15661813
9739960
14963120
16537561
25445704
22275505
7693133
16266514
10199227
19733704
17643202
1786273
16341262
16173024
19583121
15651763
19120637
18215718
16276591
20483735
9535788
10600901
15090775
18400987
19755758
24672028
17460226
11222682
11362612
8815703
12201908
11897574
9879280
9471979
15521376
16604117
1335812
12941832
10435048
11230999
12173566
21199294
22246465
18817144
19400747
22763043
17967913
24366686
24660881
10468017
11367536
7561215
10670586
10997508
16108183
9827570
20331357
8621175
18832875
11192870
15935992
21423025
22074117
21329742
1281431
17384279
16933466
12853748
22803212
24097071
18661634
25301704
15713800
19050391
11124228
20678207
16210363
4128488
19627980
12514773
10192802
10818777
22213004
8581428
16729968
20128801
10449309
19667281
9927052
18240863
14761603
23592256
19006075
22068169
21081692
9891693
11161829
22617249
9427593
12195855
18074097
12506247
2642281
17919239
15961069
15107477
7506368
10930153
11547769
6491697
16095743
10397535
23053505
21898529
9067308
16601291
17953666
10731233
9856080
15030745
21552499
22077578
3214426
12724040
11363803
8279810
7530697
19783343
20680398
24795386
6154527
2393400
24878961
15977972
19453981
22162992
23243056
8239589
12872391
16033420
24816790
21593158
23319657
20872873
15537694
17618723
2124270
18035829
12881020
19172849
17011232
24277854
8529822
15767249
17094439
12198698
12611918
1356076
16784992
12543135
62447
24325579
15769657
8906255
7950552
21127131
11237745
19133705
10829033
10772811
24551111
19829059
20606103
10967465
21426898
10821236
17507321
11364919
6831451
17285445
12704862
24347226
24124460
10464127
6770859
23099850
22784038
2920990
22028325
15334661
19696788
18369813
15010556
16808814
8263784
16906786
10799614
23623314
12672843
22370968
11577081
22381256
16288994
17726073
9135874
19009336
10746821
20921454
16859727
17876053
22497696
10323451
11711506
16926633
10682125
7566009
15119308
22232678
12408885
1799278
15364866
15914676
8632063
9147419
2044183
11834353
11584355
9146707
15051383
11870815
17503747
21294162
19911372
24859386
15026474
11562952
11359247
17372906
19031772
17210706
20833714
12719004
22992764
16136308
10421670
17062575
17355435
23213008
18419497
21851324
18855894
16480883
19364860
24967314
12930325
20234816
16323440
15580650
15308835
21802433
20032539
16407451
18276803
11558581
11263957
20138964
11835116
16217386
17516877
15602726
23341616
14565307
17309424
23798668
7491153
17535044
12373603
21470995
22305409
15710979
11348457
20222572
11391163
14572341
22120505
9705520
24663086
19610058
9950605
15167855
9863873
11504979
10357495
19723885
10992186
23341456
16759591
20373517
230719
16309211
17064353
21326122
2160620
7542738
20425563
9795301
23077298
11362756
12433350
20651027
12693360
12871952
10957719
11441921
15637363
15687066
8142882
16212982
15075519
17235305
15717372
24595242
10534154
12739071
18624942
7882457
16912957
23970775
20977300
15778544
22933296
11872996
19349371
24043603
20207844
11186306
2593931
10995595
17486071
12623876
10505752
10203057
18776500
18192215
9743310
15247553
9824713
18428139
15901046
11603361
23741991
16594999
18634778
1422003
11888353
24621186
16934047
23951172
21853475
15334061
16048984
3231139
15535417
8823593
9107431
21036679
15456083
22289713
22138714
10995556
22615779
16206404
14556262
18684101
10597783
23109186
18800010
20146631
14766357
23093860
21455254
25394034
11398107
18814853
20725649
19357726
16124442
15379904
21667030
24602018
19307295
2067571
23720136
25123250
20490897
10703662
2539532
12592304
2899962
15047690
12958156
8817161
22286767
10389938
16585222
9924364
18281534
9521600
24890586
15589284
24656927
1357284
20463931
19946469
15758177
10770544
12623114
18803290
21792242
9512171
11278361
11557462
24635391
18651980
11366865
9108151
25319929
16983502
16231979
17367261
7663681
16394506
10220498
10695726
12141243
10667903
21963787
19940267
18293410
16931015
24758696
9811899
10474228
19699315
12479216
14966134
12921950
21170264
23320393
9410542
11657713
11817969
9506372
3477654
21449841
17918089
12805473
19789218
16169504
23659687
11697130
11073763
11791016
17328534
24583247
3140839
19327173
10798886
20964259
18806962
12085364
20622153
19509271
25449435
20708505
20200349
8492955
9396083
20619302
12520007
19253449
12732287
22020377
14665458
8765840
11306155
9816158
12748171
17536133
8494476
8397771
15862267
18083561
15340130
17713159
12075373
19093040
20880733
22736942
20009920
11123547
23620841
22126791
19171073
12052725
3192497
20971814
2187530
18765732
18300355
24996008
22613969
8263750
19382822
23375200
12927453
20672451
17873990
18519143
19408320
2159704
19023660
23427448
12727971
16115939
24215356
8086508
10099082
6138996
15467375
24700975
20050850
19935208
17204946
21896913
21539892
18975342
17949768
22355273
12144701
22449799
19725909
20647687
15651747
15841566
12187499
11361510
19114857
22685570
21088277
23843401
9796209
16048964
21849815
12819513
19602113
9053025
15902696
21362318
18006257
22319205
24144903
11489794
12657164
24530510
2994045
18525256
11559535
1805918
1725723
19799901
11021841
17065033
21593415
1324602
16718469
24903274
7625783
15708632
21718840
16710347
12089597
19623651
9951459
16644557
6403849
12373309
11547768
9808089
16715363
17341031
6464191
2950771
11424019
22007530
11339484
18533679
16009063
20032007
19192171
17916508
16632588
18419498
10629209
12045485
19097759
22918448
15944801
10726056
9768057
20539097
22652409
12975429
8726001
20237030
12883709
25060070
22899583
16901483
12125623
19526316
2359908
11145192
12947844
22916603
15307884
20110001
2440430
20158610
2445339
21356574
25286677
10587350
9222513
7492436
10859261
7513747
14526202
21798248
19151545
22093171
24580846
18389979
11401317
22547440
22349880
18082966
15299287
7524543
10333144
20353876
16465063
11309649
20174563
10881501
7889191
8619573
22935973
9649201
10335402
79444
19998337
20138114
16274074
21402772
9784141
22427350
8053935
19019404
24602777
17006329
19959199
19694725
18447857
15324886
9791141
16926839
12385476
21671883
16575905
11164915
12054560
10096854
11364564
690703
11837644
20237410
11159210
19509260
23852947
22474354
8840982
15389813
12085844
12949937
10743546
18083195
11965547
9026655
16518346
14565287
1699491
19372554
24642579
1718777
24974488
7618646
17109975
20624167
24778030
20815890
18339206
18182168
3022709
18573327
15916491
1827996
12388637
17690574
23555843
18574060
8659587
1318649
15453958
2159708
18672387
21544586
1701402
10450714
12820810
7920315
18718174
15875341
8442903
25425963
12824785
25015190
17533400
11880265
10861648
8881607
7901017
10578608
19258493
10644348
20444541
2549705
7509634
11131734
9660361
21812327
19723306
19307360
16459033
18066050
1371535
10515227
2108738
17506609
10083234
15254439
22739394
11950737
21875140
10376946
16420255
25350530
19002105
16286049
11425778
21161164
8783159
20092903
17209763
12899109
18497961
10606879
14978283
9306482
25017425
19195456
11013250
18223558
10585995
21810200
17712764
12187508
15138554
9468364
24021289
11579279
22121190
25185798
1760621
15246060
21296766
24344922
9592175
1283310
22930496
2915140
18820283
10505672
12040096
17306932
19659897
10708277
14699156
19893036
15717804
1683115
16767756
11709327
20171262
23280823
8083612
19767319
23343352
16438970
17063522
22791805
11936071
23619316
8709096
20548299
21310648
17152978
22778398
8604222
2558374
19427337
12906906
10481067
23098471
23535559
21471820
24089225
20067770
20042732
7532415
17349793
17805517
17694057
22467279
16567984
16672668
15837761
1385729
15886234
16028175
8853730
21637587
22729151
19477492
11131713
16650489
18226532
20189822
1934863
9688082
24858206
8627733
24362794
12037070
12893825
7974648
15198660
9088751
23690961
15860575
11189737
9754886
12970900
2447847
20018474
10067986
11501202
17409278
8554142
17341137
17941755
21665968
11165575
10716495
18685855
20473906
17503744
22614007
11317074
17591023
19819705
19040207
11340535
21840355
17701719
10509746
17413708
10555155
11386407
8805568
18704463
14506444
12231549
12586756
17618569
15192574
15470869
81073
15863507
8577714
12682486
12481249
2495348
15180862
2139173
22266819
15565418
19633631
12733605
15863510
22174158
17613296
15139777
20204299
25114528
203099
11726517
15946940
7530728
21830636
16433470
12746898
7882139
18568490
16759049
17967062
17448147
9931031
19602122
21366258
21118527
11456694
15060437
17268103
1706573
20512452
15452040
23835510
8898047
11040133
8141577
12379519
20034693
15799093
18479224
9527939
17936464
21167476
9385605
2177675
15535410
20042643
20497380
1903543
15044692
21748644
10623385
12027876
10881375
12514117
7935654
18446496
21426859
16989821
10505677
17409599
7511578
15764854
14609348
8097790
20168207
12479222
12524425
16537182
8098175
21574166
10749578
12620411
20044920
22932814
8665158
12056892
16636832
17408402
21167206
15388818
8519453
15831281
11510274
18302964
15476053
10432675
11131733
16885776
17614795
15645003
12394324
11152018
9715839
2455484
11713250
18685611
11040198
9825144
8442632
10669949
10375708
20860815
24823390
1669495
20185191
18677484
23545855
19288028
20161710
18174950
20921292
8381634
18789575
11844667
18184191
12795336
18322024
17413684
15799977
15784843
9455745
18617410
16215989
7448755
18552272
6093368
16278368
3163817
9811824
24503952
22617051
8605588
18024419
16248014
8158164
2450591
18655316
11222531
19036168
20492175
11139333
24861361
17950991
19581763
2990102
15650394
21965432
2317103
12406072
14724668
12488537
12037684
9467398
11988086
1707532
23517531
12578750
20951230
20133897
6285703
12691043
18074544
19818765
21824397
16756915
20978184
19095683
2930585
19505564
22985879
18312663
14565288
21481305
21962359
17917392
2095136
23079810
16926751
23411900
17105511
18778242
11887169
11807787
12782627
1534145
11867015
19414569
11976989
19735711
11578783
15173162
1640966
21697422
24378514
14610905
17451346
16766008
16166622
20135728
16786167
7864083
20355014
9205093
19376214
17333178
16903977
12010362
8033292
23874821
19647866
15695762
17052259
15497017
2761604
19588374
15504975
8789058
17944686
16235251
23250032
25361024
15185377
8786964
17180732
14724658
18217215
17219734
10357373
11438070
24613930
23640562
25275707
15623719
18504191
19712706
15870401
15609309
9871705
22171672
12829860
7997721
22305944
7874391
23217310
19938312
11339236
8007065
14671612
10433999
23878061
18381438
11120981
10848973
8417288
20646364
14642274
9581559
10582271
3190382
8229653
17346188
16651872
18801769
15128403
21907733
11139171
12969707
16099012
21908397
15834875
7741372
21360755
7753039
9708417
7658054
15753612
25063285
21940310
20228837
15907980
18587580
19320245
2062804
21851334
15829330
16723486
1338261
15313587
15307594
12538479
15239667
15297849
18756860
15968521
25529507
20672993
19686436
18317004
16537067
23428312
15789428
15695614
15936041
11590513
15108670
11201042
22777112
21680667
20710052
16327494
16332074
17158934
7540209
7692966
18073061
15467037
22797819
2186629
21812966
18397232
18599595
17686217
4129863
2633857
21886816
2783247
16939421
2644366
8721560
7924945
20143503
16652054
23905815
20883179
19087274
21321127
11302799
23364431
9030377
18822454
7658056
17020982
12606350
24094956
8285884
11283081
19028822
19283084
23804324
15153561
21085474
10949919
15016657
22537770
19660957
9089964
16234850
21761311
24979474
20015046
17235437
17604537
22392331
21753122
19420165
18260802
10092141
21114474
19825512
15598426
12352008
18087198
19826762
17846572
24828336
19451305
21325046
23149278
20424636
16798746
9857095
20431071
17618842
17387273
1975426
21175425
15044478
25926857
1309202
21792082
11249860
16048950
23458523
19323650
8970476
19553774
21334102
17378063
6319564
10225456
23435299
15166165
1706712
22359356
24914459
11991954
21554003
19130893
19470876
22171480
18600064
11426085
17559834
24297946
11331320
11073830
20875828
10983647
19363330
23998536
11076656
12212837
11412042
10625638
17416973
11131709
24170321
20127006
9060067
15293222
1362093
11919486
17583434
17626598
11657298
16440364
19391634
21819803
19652391
9548852
19643963
16272686
12084471
16329175
12700467
24026530
15569984
25204503
7686510
11796346
11963786
16029069
20837469
25368255
17717028
10636397
17351372
24118020
15618346
16508969
11166234
21233638
18303141
22936379
19236266
15370566
2435004
10627610
2018047
8481500
19398414
7957713
1330433
24326355
19306293
23315923
16405739
19205619
7476641
10514282
16688677
16862533
19876936
21205146
14523288
16291516
15554184
15996743
8648711
12114440
16002202
10764707
10318893
24996145
21719217
24342610
22906282
19240457
15016610
22107359
17504141
21528487
11362803
17728230
17383127
21642989
23373904
25009986
17303245
16507390
22024522
16011241
12134112
12664575
6990418
24023802
12458548
16038032
19929390
17356469
2848677
24102161
20547794
2005847
22044815
12355383
23551080
22646864
8315574
11321185
15316350
24481648
22065599
14722456
17107669
15811878
19032103
20158442
2459125
9622270
14979261
21539043
18058545
2247113
15619654
19528475
7906288
15550379
19843279
24819643
2915139
15456247
10751399
19707265
23245265
1492930
20627382
16337362
16061629
15338857
22293542
10075082
17335673
15093811
19840193
11363089
16995874
12433201
14578498
11311795
8059788
15470139
21731276
15878339
11274081
6256941
12604224
15585369
12021843
24587009
2515892
17589197
17612977
8156926
10339404
21647536
11361697
12941074
18471074
14719126
11074468
19616339
10421241
23350962
10509566
12660227
1634925
2623285
17287517
15980671
2403153
19500499
23615131
20190417
16358376
1493087
3144380
22554064
15896771
23703967
12032846
23642498
18048641
12051995
12115884
12702032
14600429
16824154
20716818
11498528
9299393
11090553
17356471
10102790
16111675
18520702
18716045
15949070
11365047
15237382
14766818
18090059
18272602
20160633
16984415
20222053
15879494
23775803
10220772
25119600
6403037
25064169
21303966
22058096
7514006
9297339
20506554
10509569
15043133
8656516
10630955
24529214
1281308
15134179
24142299
16029231
16115762
18647318
24379070
23111066
12454040
19526459
12037665
9402947
23174380
11590527
15689628
17981237
15461947
23423156
23247923
24099430
22949866
17134349
9116162
16842441
23355476
18839784
16291833
12741623
11870549
24070652
22954493
21655278
7594735
11013220
20187769
21223991
16038625
23725177
11768879
24909148
15548695
23888969
23140481
10938009
12213998
15119309
15717368
19724678
20367279
17556097
12972643
19380610
11087056
24534551
17553475
18641036
17329995
17526857
24797554
8860606
7744255
11699862
24466275
12171302
22570254
16721367
2670504
16121374
19528350
15125867
2331119
15342787
11719510
19159933
9000082
18073064
2446817
12223099
21172893
10908024
11834944
23540737
2621453
20100536
19509238
24820076
17274000
7815656
20154257
9402928
19358673
16890834
17882016
24715227
11366502
19211643
16021252
17393410
17106275
11548302
10734156
2433280
16623750
18162607
1328849
1377897
15196083
24533711
19588232
17575121
21900867
20046152
15504299
20405850
12710931
19647055
22544196
15072550
24521092
19665484
21510277
7544886
1712047
11873076
15582471
15802985
12134511
7563492
21170566
21337552
25154875
19749354
14761969
24076233
11364193
22441145
20067556
17867564
20845411
8002779
1879598
22696691
21346142
23651239
23230144
9458369
17407153
20091087
9797238
2165162
10554365
16652033
9084794
15059644
2070155
24621651
14567610
21663843
19673046
15530506
16901923
17720997
22915460
11035612
17916907
24593018
10642581
16050981
2313970
25081209
10105215
16189881
8805765
1931451
17614971
8622222
9881095
11423724
19559015
15814907
11693431
11501195
12143224
18389901
8489204
20128810
20419807
21104991
9067911
11972339
11404532
9302705
17546653
17413705
21961709
1510397
24464479
23847057
16732152
18255015
11170249
20673800
20032417
9341211
18580619
11361568
25394138
1571393
23061604
19030781
23322673
11697387
11005842
24400440
10836206
21285251
15899811
17021402
25381339
21109069
11044070
10194057
18303010
7596375
9508712
12460574
2217285
12508234
18687327
11459289
21436712
19200176
18923084
18081698
15970944
18519679
3469753
14742830
12488043
19301982
10642461
2849444
21368239
10682155
19115219
17019361
18559539
22264154
16207579
22021330
21859926
17923423
15811852
2666322
19380511
16816112
8599995
23185569
15855648
16619219
15878178
17976155
23678170
22846929
15896245
15644454
9689573
10162944
14696965
11050094
10465074
15558024
202666
12042357
23355370
22205698
23527272
14987070
11592385
16507348
14747470
9271045
25120784
15192805
2439079
16267923
15692020
15973458
20032544
23883141
8883585
15482234
12720300
19735222
14707562
15735708
20384571
15170664
8917560
22878643
9484360
14568737
11933141
17977800
11678469
8397263
1351940
18158592
19152000
15160325
21998703
15980254
24162593
1988528
15011577
8772066
10509488
22285937
11455585
19008444
11049772
18446195
12644537
15711980
17069899
15171793
9666283
21164384
19092727
23584702
9224777
15449629
17096323
2346492
24683001
24447832
22252812
18683370
22830672
12843034
4049789
9949648
12823036
23828905
21156944
8691437
17633011
14974150
22267924
16392089
22910324
17668562
23333822
23744599
12177061
24587049
20438634
21424127
14521730
21073892
11642289
18996131
16505053
17067811
17289163
18538673
17404578
14681680
24951800
1651100
8003340
17389142
2342627
23167400
15717369
12506026
18073060
20377434
15507576
11352986
1406418
6954462
11592243
21518970
10669337
20542847
11854437
56743
19498270
6178013
15972968
16024134
16941151
16925509
18473790
20731472
19826038
24128277
11646742
23925417
12875104
20082445
2016687
10047477
21463547
23580661
16681755
22354160
15608524
8402685
2882345
17305934
20372866
15613060
9632350
21787854
10029243
19969025
15139985
19542863
9859961
20423473
7907542
16634042
17620130
8515134
24585558
21125339
16314804
19502595
18414150
11698987
7127661
20028871
22512559
12032658
24861443
19797054
20013077
16982618
18976720
21735394
19048648
19319941
20207994
21526440
10547271
1929275
24227774
18541446
10962002
18701604
14743340
10750639
19116361
7517050
17440726
10913416
20160069
21109955
2527052
25361850
17870069
19885545
23687633
18275342
2623654
12682491
17507011
22020917
14980626
21621845
20929395
11171259
19541575
23049972
22370817
2753956
20195900
20034923
20544534
2277754
8970976
22237452
20097759
10999474
21700368
10397563
24927342
19754225
16644676
10737424
24411122
20547317
23645749
12140283
11363630
19378344
10657769
2477299
12400496
10691512
12784385
1502183
11108797
20099814
22215414
2258633
17627891
20028479
17713166
19799898
16362534
11600838
24273184
8442906
11087161
12902814
12234613
23092278
8387719
213781
8527074
22972461
19890390
22301417
12878500
10496951
410465
20492371
23529307
8659602
21163821
22700771
19384872
6299232
8863284
2443894
12962817
2146323
20158398
17114450
11984157
8673545
25164669
16419124
23886693
16554073
11774840
11366842
8321843
10640836
16093249
11134737
17977562
17046266
14744874
12771931
21683712
18434745
23769234
15755871
9708405
12867754
10628774
10570761
23299527
20507639
15726641
8290931
22272227
21829669
12540491
15874934
25595708
15688389
15177505
19473460
11837033
16434616
17509172
2446006
20227498
23744077
11350953
23308140
21511336
2059435
11366757
19902424
20946407
16364218
1682345
14640394
12821458
15298571
11125309
21702867
18948087
2388674
24326367
20804500
12479261
20377437
16968706
20458811
2742964
10715791
15453324
17451954
16156880
19739070
18560367
14750185
23279494
17223082
25015210
1836487
9917108
18652870
21877189
15467193
20865355
17505491
2681438
21642622
12211161
25106857
1708693
21470077
16324719
7498368
25001338
16790532
18591321
19602045
1701213
8423534
12937000
10498663
21356339
19188336
16026470
22406616
15071952
20059309
24032540
23675285
15569266
25788242
7546274
22766470
23983896
23343913
8845141
20124407
16409206
18253899
14763292
12086928
15271062
20600036
10964280
8312826
2572804
7504249
21114465
1726739
15507675
22244537
20068261
10898675
24780318
20806290
9974412
18543703
22828084
19635795
19319867
8220764
23229955
24127753
18519918
16120385
20393816
22761710
14696560
19125901
24852755
17697016
19502552
16403265
21936717
10395889
23024026
21973301
10851712
12700667
15328093
17523245
18502966
12845775
22186294
22252195
23228859
18089336
23320071
22053385
18690848
1691885
17205337
22071638
11362921
10471302
22553057
16715654
10716993
15562246
19270153
19287298
22872738
16830375
14605126
18181733
19171647
24708606
10704052
12008115
11363385
12879005
7685081
1772186
23967750
22475276
21532575
18316567
20379844
17108357
10495270
10622040
21276883
2673044
8186272
23707514
18923406
12502865
18378436
24586482
17503547
24279648
16274708
10925994
12018626
17587757
24761900
10854138
14626632
22481602
1815328
9867659
22797658
19604269
23912254
10973928
17505494
3165604
9598137
9314950
22386953
21095516
11745665
8342014
24211674
14678606
24719332
1508170
19383643
11756162
7681864
10537130
2252278
19035290
18844115
12839972
21714056
20208561
11211023
12172142
16962862
19956805
22785049
20385850
12792352
20508547
23583412
8763802
21391199
23098609
21846367
18186492
20643112
18644965
11156248
20617408
25397472
11159358
17390042
18083230
19350661
1325890
21124930
1736752
24158666
19551868
2071083
19710365
21940708
15140970
21415806
16309684
15522719
14676217
23598054
22422699
11364255
17594808
12859536
20122881
12512929
23934574
15077088
11967335
19292590
24681655
23583342
10500669
19281430
18300078
2525711
19412096
15572156
3890709
22690834
20026259
2564468
1652979
18634866
19085967
15212170
23416699
12927388
19129291
18846330
23569261
9735323
22146535
11259090
8982360
17612405
23333501
18557811
2064772
19856473
10910059
20479637
11487394
15562011
24615378
23610145
15717363
24924164
11022629
21357466
17547665
1780965
9449537
14760098
7844365
19802518
15582708
25061278
16446324
10508223
18703458
24711457
15947823
11362046
20848536
6995790
11141242
2064965
18616527
16920824
7515410
19487460
1698042
20668238
20825619
19843849
10742517
17079216
20110408
17984096
23224979
11429115
16682076
24289989
20956588
11363798
19801944
23871041
17900782
11785388
10755314
15559761
17223670
12082020
12215102
10791875
23301842
21343562
1647888
16157767
15474029
16831273
12183435
16375610
18094614
19031455
8921318
21864376
15755284
19996825
8356307
18043129
17381668
12821946
7993767
15077027
17971713
12587624
24840972
22792756
23256731
16783963
2423491
23851051
22668952
18990085
24525469
11819184
7979311
19494021
10922956
25253124
19125865
23536977
8683451
10328972
23387823
17115415
17342265
8616692
22920224
12397465
11365963
23211772
8032337
7819141
16997928
1719642
20961589
22591356
24067424
17219738
10955805
11314044
19675181
534518
14691162
19150646
11164188
19723884
24498407
12944077
17689528
14991862
12228837
1614621
18532884
1698933
10875543
17577929
1713916
10952248
1327044
10839589
8024495
11367257
17083032
24928685
19491652
14965291
21361745
24373091
15752584
20442321
16101582
20371690
16011526
12230698
9835518
19338474
20028860
19055748
3147666
16135903
15498119
24533641
11361627
23270932
19721010
17920350
11972796
16608660
11250543
17666051
11779350
18544087
24497610
8253420
2939095
14656456
10651995
24338165
22095037
19188761
11465838
20022566
21145792
23863885
20685861
20737421
23682121
24907142
16549372
23506961
21249771
15885287
22613851
17553313
22016509
11365803
20012242
11365719
23661505
15221960
21334110
2139956
23019537
3124680
21390473
23774432
10946852
1719015
10860901
23911400
10634203
17666794
16459310
15306667
10901169
8725999
20039104
16038476
7724553
1520538
16432376
20333629
12499212
19505915
11181522
14616241
17524266
11365705
24384594
20206394
23787007
1535375
18308572
11810823
8722949
10556586
21928368
2813453
8595510
14520699
2475031
9875210
14708700
12270400
17430655
23388056
11844700
20008046
15130770
8302012
15855514
12110730
1305682
22964639
21685549
11985668
11687747
20445109
20921996
20562905
7614901
21964179
12201809
25086227
19374071
15485502
8684010
16278393
12092307
19047091
25128455
2318849
20657188
17309864
15764851
11989804
1425730
21484534
9176227
16541417
9812037
8254464
12213886
19361551
15668549
9544767
19661316
3469418
12854150
15324353
20943996
20643915
15943481
22417072
22028615
9186571
18541726
1533917
21850221
15150944
23813877
15111316
18571297
16925731
16185685
12183651
24410957
22245017
14696111
21555816
11151895
11286810
22958368
1691003
17375626
20488636
231438
19106468
24492346
10602742
23666740
15142051
17575148
2258132
24157151
21537865
12630677
7690699
18332850
16968510
20231161
21427402
19889106
16378967
11590523
9877319
12441666
2826804
15307010
8806329
16780947
16151702
25440502
14752285
20635228
11988358
12790697
19500427
16623622
15963091
23289797
6286786
20016288
17447311
17968325
16322470
15105094
17591032
9089007
2460737
7906302
15979654
20211217
22683870
10397555
17368795
17324142
19816747
21354245
1616661
14727898
15535422
22226978
12842349
23929069
10693652
11068787
7956081
11037878
16079475
11364581
1974725
18569639
19447865
7672508
8913352
21865469
8798732
3164982
16362149
23650275
8585765
1921546
24710196
12173411
24596282
16810755
15896499
10907082
8755213
11850281
15150177
23535575
19766177
17971014
7477218
17041099
11240267
15063076
22013226
11796185
17578844
19430105
14738805
6331620
21496353
12487383
17891395
10955409
20829371
10398300
22053010
11444823
15266257
16867868
9746750
12433667
21256724
23926298
10101230
1326248
16021340
11897976
11826115
18758435
10354067
12118403
12915102
17557931
1984757
18090277
14729507
21393449
11833583
23028129
9497927
23574775
24329913
10376610
21042537
19030742
16224157
12446590
17580182
16373709
22737073
22075979
9556159
17105514
9371599
15067222
16398404
8919647
2164492
24489110
11232245
19885573
18286200
20713527
11873002
12551997
8151850
9766437
17760248
20681438
19446143
12684668
9875410
16213345
11857520
24460334
2462505
18606795
14733905
12714619
23270497
12008857
18482778
20065200
22010988
8673528
11567230
21173188
17957942
17181150
11753687
16565299
23481669
18272927
16124934
8696508
8904046
23730852
24550373
11546942
20370541
15138445
11064449
10414887
15316057
10839590
11364840
15016815
20116423
17558705
15316131
17671744
17913526
20124431
17184802
22609871
12586778
12810359
15565615
16382025
16816361
10227092
17720161
14656729
20458365
12093619
24445145
17661847
17896003
14741022
12810351
22286886
11847231
16003182
21084431
16632111
10758016
24239481
16120814
15919198
17420209
19357529
17901802
12499915
10680582
23639243
16625385
18077730
17854048
11363635
23326585
23273768
9371346
15033490
15486348
20539001
21109989
10100755
17062614
17537308
22174159
12606760
22290465
11169552
11712196
16929163
22716976
7539986
212579
20004243
21444368
17009933
15654841
8288524
15344307
8356993
16357096
15259899
62045
23475632
15895364
8648207
22406437
10820140
24384957
10877737
1928185
21916407
20045035
17207857
9003417
21371446
16114975
3823897
20546998
24772646
12050186
10645907
21716077
10085691
6165015
15232294
10863310
19954945
10323266
17072479
10526670
10864146
24860992
25277189
12483727
12515192
17724206
11966243
19706164
12183639
21311097
7511692
7605344
10969347
15453341
19262355
18212280
23333500
23999113
9781305
15283143
17726147
2889008
23541086
18452953
16206208
9863885
19231921
18078515
11388671
15561105
12481434
10335917
11655899
2477523
16651713
16800101
15817451
16763222
8386905
14757837
21501079
19882903
1510405
12402361
8151493
19451297
1335207
19584916
19247200
16331351
23308370
16007219
18767037
23106052
17803290
2472136
15708886
11737399
24648492
11416176
8099490
15668854
16652227
1968517
19043927
20579463
25394029
20183615
9886413
12212539
10074202
8893116
24951831
15272394
11363185
14603149
22427704
10845674
20704494
11985830
20074254
7542804
16824557
21687032
17707845
12606356
23494217
19617624
24280883
20647011
19365734
19068083
20699000
17051401
20628241
2471542
20624982
25418719
1564128
20139075
20930069
15223827
19036874
12321962
22369862
24252526
12832146
2512935
11309313
12111397
17907310
22301953
23022497
21056575
18430788
11217303
12367718
16736953
6298461
15289345
8166111
7803878
9208309
17941092
16046710
12792782
18302504
2847772
15311721
14668456
24599132
16354877
12176125
212527
10576552
21357403
21085610
8446163
16926552
20980353
25527071
20600877
17503658
23307400
16970927
16926039
16127058
9362158
10686507
20650001
11367323
10048290
22132226
12802037
20561082
21986812
16225597
17121220
15529260
12538609
12516107
21486455
18620491
21290209
10398452
15208622
2143049
11366871
17923548
16408210
7677298
9098641
9504038
20158454
23653929
11281733
8096626
15943470
12713066
8101766
15056447
10597772
10507169
11323102
23340304
10853982
24100879
16076963
20193041
22669776
22114772
9835523
3482485
7537334
11813460
10908564
18710359
1995064
16470485
18347090
15916425
15021314
20842105
16203724
18270825
24562349
19997873
2851596
15717360
8506494
21272161
9811923
19255500
18162932
3495235
24183378
10591668
20630813
3500376
1920309
18385890
16060830
17460728
11806176
22098064
8843315
23658450
18243246
17393106
21849285
22824785
10103339
24412622
1730594
11159350
15190064
12030202
20442367
9110076
10477522
12882654
15668544
20087862
1362818
14744893
2832668
10793352
8574139
15471861
17704189
18780810
16938292
22951221
1633170
17251525
22430977
15989602
21843795
19082494
12938109
16562642
9687519
14558946
19755618
19238117
2021110
8050490
15234836
7530586
16651637
22145813
22543504
1726684
21411099
2552170
8660168
15261759
10437936
18524772
9665079
24466305
18728228
15043162
11366111
23137013
8343146
18035504
15554687
15319677
16457870
18461672
24190896
12210760
11172394
24192332
16784840
19913061
17197440
10329434
23379739
16610967
10400927
24902663
2511632
16160080
24377607
23075703
2457314
23353747
21784888
14657758
19697400
17594516
12042258
15949259
22471488
11366142
9398050
21328347
19632304
17172472
15981622
2103216
11830346
12430652
11363709
23171658
17965740
17967907
15590982
19758278
18837958
20703259
21220307
10632046
8366182
23667466
19795999
7658933
20595663
12856919
7504909
15498237
9020093
19906627
11961666
18260155
11675863
9764787
7127293
12526645
17429539
8898039
12902801
19528454
16795005
8021925
21847531
17639046
1383414
8637952
11174495
15482535
15904661
8782013
15015629
17434844
7643760
1351766
49986
18580613
19714720
24434636
12824447
21345512
18454861
18170962
15907335
12601735
2355881
16336980
24093809
16270125
3470654
12375102
1469700
23539429
11417763
9875411
18081886
15339911
11959615
9266584
24120088
14513413
17591988
20501850
16790614
17321503
14552720
10837770
18211505
21113501
18618714
22484586
9718121
12171021
20805401
24324076
21856755
10657022
19682503
17931611
12218386
22356290
17596837
8930168
8309723
15535418
2480788
15299260
18942841
8380094
21316795
11570258
19707743
19706521
1388906
12444948
15915077
18765858
17017028
23176170
20118240
11157721
23349632
11431743
15717255
8564643
19939594
9654597
11327080
16680070
24043116
10381168
15858817
8701287
18931838
25175729
6231885
16882867
23614993
10235539
24296261
20587851
16202709
18672999
2299205
18234117
21055400
14507857
16373635
17106279
20569146
21307612
19705588
12596719
7969979
7883513
18687520
17574288
9845498
17556370
11483121
16831930
22911364
18413804
14985439
11140899
21419119
16891913
22849964
