14969745
10770960
18997277
11786982
17409283
15855646
17389263
11948182
1448269
15113029
20395215
19373032
12750297
16870786
10997403
23775562
11989627
10552250
25152440
19124646
7503965
17559179
19043923
12885096
14676442
17721438
19123928
22918790
24699043
22267476
2002478
9296519
21652684
21802367
23846408
11465416
11013761
15001579
25326089
21344483
23242927
19420714
24568186
17086059
12148587
17397881
19730253
11364416
22041566
17542016
22564524
15626150
11018598
2384869
7514164
15641110
10967808
12926353
16794560
2157443
11369433
15599202
18986640
17639499
20546437
12463497
1313313
2869965
19276794
24551134
1378883
19605471
18981098
21328815
19362996
2378412
12376954
11167993
10181990
10965961
12212925
14615656
20035840
18167218
20180596
1422254
17647244
23160889
25207403
18286531
17305925
10471100
18791694
9949657
15897532
23776513
7517668
18598687
21920376
17259326
16345047
7929066
11156216
11353138
17145839
10965958
16819505
19667129
10390210
24117714
12234988
15485831
12070456
16503141
9871628
10069557
11453740
14642631
16225412
17720663
21549813
2563307
15605705
23718894
16245407
10606252
1591893
20473779
23043067
17081402
11207189
23653910
19212627
24164392
10637491
8038312
15954904
8237995
11935167
24101490
22778534
14518696
7552480
12966370
7815338
12773236
20800920
16350855
22562984
22184411
2079522
25042339
8103341
21778785
18606065
8851605
16142404
11029500
17031073
10915754
25217963
23316929
14980653
12971976
8553586
15767259
7863189
9421317
10504367
11753044
11230111
18067059
16010161
23103614
11163104
1641255
20028875
8612219
15192804
18166149
19594619
18931274
17888513
12891060
21750116
20044602
7576316
11438970
11362723
17396622
23707918
15793280
17188728
19969555
17402992
20032533
19523964
14959694
2563790
19280345
16618409
20824821
15642347
10076570
24066050
14742192
9988718
9762047
17563729
11511568
2314598
19785663
2654959
24090700
19959415
17404847
20430889
2018845
11364012
16549970
17438480
21669868
18285708
14760890
10876161
20132554
18981775
20735473
18684096
9762934
1348479
8202687
9638980
17054926
23244124
23724653
11733514
17785789
17640743
19942932
12200758
1467400
17320132
1346505
15113870
11557243
10490845
11322246
8771427
23299311
19703583
10816656
2020193
15299018
25270538
20959490
10207548
1573722
22914968
11362832
19657853
1967816
16051856
17322102
16620439
18425331
23815882
21604599
22350406
21536932
20621158
12634954
15557747
18606222
15817155
2141765
7688565
2187660
11363956
8192172
20566405
17612572
10092959
21875620
15867005
9636828
20215113
15018707
16728531
23825548
21444613
18641267
20585968
20168168
2024862
9766506
15728539
20600332
11428057
10227710
11366278
21442129
11934330
21277350
21076043
17059558
23535154
19043839
21649692
20922443
3373260
21571909
17011832
11678476
22708073
12660544
22109562
21839154
16182172
6143492
15375172
11545567
2497709
11366489
11796510
17358030
23032413
22970254
12875056
8380884
1971345
16996682
8952492
20166821
17404577
11406754
10652613
8971606
11083661
15668976
10568584
15538745
9861562
2143219
19220254
12660935
2449866
10922469
11742431
7847879
19766183
11737376
16436728
1370834
16522818
20591460
11471017
21059167
24204757
8970706
10776748
25092689
11365088
19478208
10549375
23152890
15572654
15665631
18516268
25223231
8517279
18373415
19924513
2366150
19458472
11472208
21358717
15528272
17638297
17617943
11362377
11584376
20576801
6449917
19609635
22524841
20935220
2362907
22484589
16964834
11595762
25301103
11532526
8721555
18755795
1694783
19182160
21455682
18211694
11730280
15670798
10357390
11286223
18935781
15617676
8145741
20715105
18818294
15119294
15544691
18841173
16021869
14513419
21395580
15558454
17192768
19805107
12472574
22742518
21732778
22426324
12126455
16791023
6223477
23376222
4134617
17010584
15945097
24553490
14585739
24667344
15942890
15345489
15225653
15751227
15231657
21571370
11364942
11737402
12485400
21703419
24467642
10353746
9129064
20057308
12834349
12606734
2746046
17656318
18721062
15476586
15383173
18757513
17499746
18418891
17333565
7758378
10825058
10580685
15378436
22358223
19424573
17003276
16531985
19816943
24223849
15733739
1284306
20606645
8781775
8726021
17447314
20056194
22838065
18199168
15599946
12118840
2500498
25267953
11361479
2180158
10925141
12467223
25397485
24921980
19168543
20334563
11938058
15500639
16481305
17922218
11807315
19958352
10666293
12851866
15346879
21994660
1980821
19159435
15492752
8656505
12429386
10785647
11968785
11237709
16840203
10836394
23627034
16081412
16157481
11231553
17786346
24141017
15169806
18437075
18705824
20645860
23566742
15047614
11327199
9816061
17359920
24033343
9182126
6529753
15633260
20624073
16176835
23358639
20848589
2558613
16762627
10440813
8841736
7654955
20371119
11367256
1726686
19737742
23111608
6812051
7817343
10968438
15330166
11251228
18521083
11732686
1382356
17823253
20594991
15282236
19126304
3395363
10449277
24875092
9841363
22125965
8201291
2553564
15949477
23111578
18776264
18425266
15073671
21444765
10770555
9359657
19151401
12458308
23384676
12970320
18422560
11120151
1969115
18506848
19496211
20378716
10451077
11064513
19584504
21206421
15947483
10082843
16575904
2563066
11577000
15865228
9811541
16247949
19417021
22589455
19030723
12127257
23081994
9067976
17219612
2200250
15328111
15586362
16351481
25368714
18754876
3324600
21388870
20851461
8655204
23114756
16809940
24630366
22053372
11452705
11364654
18000575
24676941
10802034
1537077
22078891
16885109
23262037
23756458
16122816
9468366
12667347
9845500
7983595
18212100
11952156
19361280
17597122
19649408
12702778
12142019
20795791
16291710
24383563
21716122
21704704
23395866
16314303
22770231
21543007
11054397
15801919
25030396
14624365
16402918
19061330
12903185
14967193
11363699
15998736
2511296
16287519
24497997
21821627
8813039
14685062
15905195
16204956
22067667
10863304
16394199
16433906
18007962
7921032
11099401
11163114
16493337
48379
12761477
11037876
22338581
15189348
19051226
24342137
17081517
16283486
19782699
1437511
10861481
9875395
3225747
12545140
15855331
7540302
23592411
18672538
16120379
1400376
23641955
15162440
10183659
12569883
9433877
23203993
19487906
16331110
17709569
10679973
2856351
3166606
14752821
15847224
20618854
3472075
7682517
15862787
22561086
18784844
19939920
15120068
17003271
15094269
16799050
19642173
17470144
12030233
14976250
11120614
19665696
24377631
18207280
2405287
15902297
15798848
8959672
2207324
24497297
21860069
11327444
10369457
21048244
18583802
10980922
16278420
9672212
23696928
23840622
17321075
12787477
1874641
12008100
9011527
1919622
15453330
20060877
24615728
12384851
15133024
20966541
10698206
11867017
16200530
21054750
17660923
20230673
11171216
19608712
24286132
23403633
10819438
15950220
17518569
11309259
10397538
9705823
19782103
2574006
18762198
17066431
20226305
10438662
11832441
15312331
4130996
11290858
21558398
10960456
21165555
23673137
23812955
9330665
15883037
17451055
19909740
10365910
17761399
16603869
23545531
17760737
19414386
11569989
19718454
3183424
15371631
23391798
17641289
9667067
20720161
8694037
10359331
21186529
14696567
19605787
11408607
14988404
12807721
2983107
15731293
9073602
7764250
2127299
21692822
16797938
11721189
19796053
22629600
2989239
22526161
19082468
20150412
15674324
3044083
8925721
16952706
16044913
17913721
12118466
18764868
23818285
15516693
23118869
8744574
8721544
19467157
14565306
22474222
20618444
20849302
16895577
15265430
19135459
8578221
2563067
15363547
19478539
19943453
15453347
22223479
15000678
22441251
17440966
19700666
19722080
10996396
14660794
10480339
23539435
10772084
15103451
23532097
9333041
11588023
24015326
23845222
18954528
21720000
9506188
10516944
18048390
9257653
11919316
19703209
7934494
3166383
15848024
19930794
20686696
2496734
10480630
7923920
15735037
20562529
7486949
14753746
24107596
17056061
11456028
10915095
18701481
8870848
17696590
21435764
11364524
21482024
15087281
22106824
15369513
3015143
15310939
20844262
16433869
16332431
21182341
21388938
11943435
14988091
22913970
11480491
20647331
23673790
16691081
18310046
24072772
23183440
21403643
15170058
10214618
19788890
21268125
17910051
19277127
7699034
23150617
21029036
21597216
17183745
1706522
1577893
20570527
22849516
18414449
17643059
12555693
3551598
9881591
12811365
22265823
20599774
11365710
12480155
12819516
23249916
16920299
11232639
10370814
15536154
11955063
23970949
21173315
15038059
21451797
21370547
16207094
11367169
23844215
24235926
4134031
17145863
16422247
16541961
25051199
11895924
10812241
17493842
20516559
8645255
17313465
9565807
10593486
8053924
12492079
11257017
17696808
3827943
11657297
14988150
17279554
10323267
10984212
8209864
24246670
15066992
11519041
21716719
20133617
12647691
2455521
19924023
22719882
19737884
10819435
17196133
19933732
14642622
19433342
18628755
10985804
14620518
18409002
9498441
17117073
18192489
25332224
22310542
1353829
23777811
15975933
15382126
20809412
10836612
1727902
21649950
19771814
18697210
11738337
11365141
20361954
10471546
11363802
19886836
2972736
7475613
24138500
9148857
21284354
16152586
1711148
19197277
23000062
12450221
9872703
19781163
11781498
23305651
16239358
8758257
2431560
17085346
24130728
20624951
12372615
19531981
19708084
9873711
23380374
26292381
20521126
21640974
24252533
10862080
22095388
20068131
20336607
12415062
11096015
10567852
19582896
25397518
21292683
11816334
14522417
25475447
19772888
17917372
2098149
2506906
25421815
19275497
22874836
10682139
11043605
25125565
9253402
17663194
9517626
15459484
19385085
18275345
1383063
2035995
18486585
22695298
12793013
25500283
20550525
20472834
14695142
18199172
24971008
9865385
10161344
23017645
23237982
11488431
16676400
24316846
17005808
2054041
24059085
2400945
7632462
16327657
8429735
11201502
25119466
23576559
15888106
22403397
16775153
21464249
21605974
22138483
16964825
16554376
17197811
19331667
20100175
18090049
20207941
21268168
22606065
12124342
2002660
15377848
14583849
21765115
7910340
18785111
11927676
23844238
2342666
18614922
12960196
16715409
20037603
20096702
19246637
3190033
11461183
19012572
12543687
2896299
22210404
16504308
21295294
16503633
9194694
9240358
25436280
24596380
9654856
12749421
25035430
16651730
15971231
16085794
14614325
10672461
12487807
15338845
8097351
23821270
22665040
8668855
19631194
15919930
23662044
17343199
9001825
10846586
17519784
21445241
15457679
1949127
20713124
22304574
25394119
1283569
7848151
20631150
9474349
1310572
12405863
16040965
2505617
11086283
21490970
24922650
21475208
9880532
15349083
15975800
7695474
16394140
15857663
25241682
10739302
18663041
17414927
10393006
19499712
11263994
20356859
14871294
17479950
9290955
22916599
25320244
10353536
12202878
15312879
23071729
17454619
16652141
9849490
21907380
19473970
8756599
23125365
18279795
22935786
15529376
21085665
15849913
1444287
12490608
1380256
1557906
15494273
15591521
16014351
17145882
23167291
18977368
3543683
21552471
22489297
15797477
11731962
16059639
16448447
10381167
24192600
24025407
11736941
22492733
20204666
16433887
17075833
19491530
11363650
19969396
9685235
11366924
14960640
21105966
10816823
16456186
15107311
17175263
15890357
16252281
25221991
21630261
24102663
17533166
17341874
22437840
20880333
11369056
9214473
10634197
20692358
18653745
20346065
21839893
11397751
20332448
20960678
20649842
10721972
16438043
2319027
11509750
15280484
10353838
20847160
15061212
9756719
9832126
10905622
2059355
12912956
1781870
16120431
10364502
75679
6162554
17253490
19887603
17413699
19885954
2746834
15601748
21633344
8638110
1372082
19693024
18786965
11366462
10458654
11162535
22428625
11737207
19667203
23924679
16303606
15270851
7542428
25421484
15878262
20546440
17525203
18358516
20715116
17283489
12604917
15090307
23673659
21246298
9677159
12900338
23229746
22509550
21332419
11711410
11741777
15962931
15774089
22550277
20599481
12486213
2449120
9475763
12429641
19131524
19130746
11366758
6156541
2541126
8955510
25222305
20819676
1696283
21134218
23472950
12966545
14999613
17022012
22921918
17118471
11502712
20712509
14550573
15237222
20851287
12356583
12968021
20663135
11404538
18032694
21719999
19082437
1625038
10693957
16474164
9690432
11155314
16636798
11367872
18842418
11495048
11344991
15265463
1337823
16736517
8854672
1854132
20833711
10907466
19023373
15922732
16204946
12791678
19589337
19159073
7913327
11850265
7745698
23986222
20812948
18326710
16619691
19187273
25034489
15148326
15217863
16243640
23290628
12483259
20224040
21622892
2061753
17205652
1647557
23010281
7797916
16166267
18663776
12603913
23027713
8810154
21231902
9237135
9499777
10691096
21035434
11811789
18385752
21177768
15340574
18008248
12870124
16133687
20631235
23851509
21642355
25074854
10468518
11895437
25203772
24572641
9017528
15010552
18580478
15138563
16343058
21732793
24796166
21911882
14522424
10634339
22639788
7586898
17927951
9351425
17883938
2709071
11940660
20701796
25398876
11916960
19995893
12804610
21310903
10807196
22036940
1704410
16438041
24440937
17375075
15665594
10746939
7802999
19656465
20683270
23454250
15016620
23813332
7587955
11943434
25194984
20085538
8714140
21592855
25170877
23260386
16527894
20674075
23720723
1557108
19609946
12205779
10932200
22434934
8998914
24305710
24743727
1677450
16426572
25320729
10440094
16323078
1370739
20430474
14530217
22733652
19874685
23296119
10096218
25558500
12547648
1673712
15978107
23883841
25214003
17280861
11366490
11684076
15143462
23703578
12208516
20596604
23588415
12798295
1508063
15609123
24619266
23720781
17589347
6312958
70126
1282792
25949117
16148147
20495362
15582353
12600681
17067555
17976861
10606002
18028103
22918166
8606677
22703656
15356570
24223203
22048238
21565488
16354403
23843041
15218507
22884838
19609082
10206539
20575557
17088490
10779379
9164415
15802982
19567034
19621343
18360288
11981960
11956589
16531427
22280833
23349842
15577546
24229672
18662109
9789947
11774264
16189296
2445282
9364652
1337354
15646322
11282009
22819113
15564911
2976048
17907171
20606319
17400246
11365385
24625091
17982941
16168116
19968781
10341661
16026003
12676886
11155737
8762005
20549303
17306618
21085683
16301331
21768516
15643642
8530781
11953140
15161854
9620443
14575142
16129656
17989108
8911867
20096913
22592583
16313928
19276072
7619875
16962574
21087197
3333341
10727282
21503873
11365996
15168763
10625580
16861295
21041986
22753228
14691624
15777853
18776534
12385685
9825269
15058498
7680750
9235070
14962990
23814938
11847523
11579238
15910811
10861109
23852540
22528481
15634680
11366085
9881349
11438457
20837465
11378361
22279058
17318194
24759064
14615384
18818403
7520249
22642697
15911440
15544995
19795617
23300602
11387159
24124919
16782274
21279308
11366140
7811539
10958082
18945352
11504958
18989234
22406435
20975097
23023011
7945440
20507800
12413867
14978477
1673989
19340865
10681585
10915032
7985683
21811910
18056280
15474507
14691681
7910335
11282008
25397469
21324108
1720698
12824819
19327894
16935444
21918550
25040510
8093845
25150090
10220388
8763066
20162675
15152019
23199801
10569700
14693536
11364867
2438649
20215575
16038738
20637119
20626753
15870222
16647925
19929230
22821365
16378364
17846147
20335496
22370225
9377121
20615422
12574904
16301617
17550324
11483669
16166808
12436489
23406845
22590366
15553999
10950795
19606409
20138098
8898112
2004169
7477225
1359620
10515279
17460254
24945620
9404399
24145524
11590534
24888640
23625205
18568882
11588004
9040512
7929874
11382918
19098325
16103877
10162945
17503660
23432814
15192330
11861648
17545711
17604679
18502590
15377804
19584701
12609827
20197307
7924122
24566863
21671843
9395210
12586615
11740431
23626659
23762265
15454310
20819678
17889572
8828742
12598789
15580296
17632940
7620977
12781704
19041297
15480899
22304601
11738066
14704547
18973534
16414131
11494026
20010074
24797262
11259521
15659833
15918333
15877792
8913595
11367246
18616685
7993160
22190710
11363233
19290061
2833602
9549524
23689639
18250297
17336985
18665800
23444241
12074098
19074578
7608800
25397494
23867870
23418578
7631991
11235993
12183277
15673740
23261680
16424384
12680151
20572259
24746557
12818374
19043843
17420607
23284953
18453977
15625075
22824630
10617792
11053292
14986820
15215092
17696259
16750669
9518926
17851027
15504738
15542051
22889354
16697385
1668320
11448066
20046145
17327295
24625459
9463266
7963707
21596125
11247556
21628669
24603367
21933545
9743251
11571316
11714616
21829496
10807200
23874790
21110107
20170704
1347139
18030350
16384991
7718259
15525585
23451547
15134551
11457490
16218167
14663934
19886387
19943712
2819251
18338802
12161381
19593376
20195931
14996349
1374166
9559207
17005823
11867311
19940071
19885569
14617399
21211311
19775575
24903305
11682779
19212621
11362412
15878915
1850274
15471224
23751874
18595881
16707062
18540849
18254582
23838402
21252332
2482054
18765108
15865230
22938775
15304320
11198925
24046310
12840707
9768620
21078791
22508041
11802628
25096078
11595163
19842842
20519630
15990598
14637059
22534782
12143068
17065414
10974650
12571850
21480389
14563842
11366985
21609466
16931934
10867155
2619282
12821656
15074283
15596150
21721879
21173432
19926957
14742206
18032839
11365795
9718120
23123221
21625229
24145525
18704457
21161163
19765730
17585189
6233785
9567422
21964931
8068979
11145569
17158953
19248585
15832948
21617716
17703957
25470746
25310917
17225002
16778736
24778020
20349326
18758065
9797207
17302374
7949178
9459896
21555819
2764535
20573083
9972485
22263608
18416455
11181356
11251552
11362235
7689173
9748354
17491001
10770342
10669333
15618829
2143671
2536137
21947448
21487250
19390820
15223804
7840915
15882914
16191482
23378403
17762717
11881601
12853762
14617140
24590575
21438533
21730059
9017365
16170677
24382322
20112340
24361046
10533824
15605988
8995260
9210198
9727271
23886435
16328103
18389896
52362
18626772
11165940
19723139
10877738
22550094
9740173
20710057
14508194
10223221
14506155
16051697
4138634
12844407
12127040
16139439
11344108
1971336
24002090
24768802
23691697
10773419
16885770
15622448
21670525
1961862
17690585
10769089
9918136
14565341
17479946
18922887
22240910
16169484
15571246
15482184
11527047
11786093
11278817
23992009
9131453
9691914
22083480
24585459
24550521
18574538
9468373
16989810
22052003
19912437
18565769
12874461
17352768
17578786
21041914
15529108
8447777
14760897
22300946
16581066
12723969
15781285
10371176
17671209
20809796
10869545
11115054
9537857
8055180
12441266
7269240
20162169
12409745
19468999
7768560
16385870
21083413
19359520
15994860
22033475
12764279
225553
20872709
12616626
9925515
15673756
1363008
1662957
20136651
11062061
12485813
15273111
18159582
11746223
12173559
2751085
23032732
1351371
16554704
16125779
8813297
22024968
23189194
25150199
23485767
12865456
12189566
12663461
17446940
19700763
16180910
25654887
1534972
20950278
15098035
16842760
23069071
21062976
16314473
19133144
18081227
10218988
23970168
19028525
15385735
15755508
11279879
23345400
16190874
1453329
2015769
10580399
11049997
24499951
12966366
15011603
19665018
11721211
7540335
7380807
12713062
24159446
11398741
8720838
17718197
2847289
18840149
12921517
12570852
9596796
18398369
23307808
21406396
11404539
15024131
9785576
7751471
21763734
70028
1696859
24112473
21266046
17804463
15155205
18988711
12952363
14638715
12145178
22167582
10569758
15381649
9882507
22262470
18166100
22798114
17374136
19622117
18339439
24391982
12063295
17598423
11119435
17823781
14673759
8070553
2400946
23892239
19143475
11226479
6179479
24565699
16392772
9851944
19453393
15861888
7511784
18091590
22136512
22861070
12926071
9237706
9535787
23298577
21410673
21330635
2127682
18381763
22837442
8815701
16724238
22123155
17569352
16979190
8328771
11064499
15128745
1376595
11416714
10601505
21764800
12084592
11117496
10662559
17675255
21427225
15125364
20564226
11739606
15654265
17003689
14980622
19575010
12766008
1845159
21334708
8704231
12097303
12484448
23284027
23110224
17083029
16515699
20841522
19115972
10628326
10702831
51087
4116919
11606579
21514434
24645979
1533033
15980324
23128501
9550757
22890731
25147095
1698626
10984475
12701244
22241722
25415815
10416525
19134001
18647474
20523923
25224013
2571920
2011732
220332
20156199
15796767
11602668
22563819
1596584
11391169
23562640
25312987
22428851
23075330
11301022
16184054
18172693
11570822
18630531
22737862
18337140
10213754
15706412
22560003
15668550
11813301
12189553
12433828
8422018
12774797
23234725
19704163
8309595
7692815
8100611
9549371
217947
23936317
16641443
19925454
12462795
11086863
16204253
24751708
24480808
12183287
24043818
16885362
23817566
8228361
13679038
22071331
15294104
15866657
16738223
17114480
20298689
15728378
14557898
11071867
23427298
11812791
20565297
12218942
10443201
19011063
19414275
15078762
17147507
8121928
23627855
17192482
12132442
22873289
25243325
18751690
1388195
17898551
7515133
20380480
17721107
21441599
18316796
15056365
20667993
1719148
15108677
12187263
22526610
17635373
10189667
7936072
19014992
12534955
12509401
2321498
21394524
22406427
8816123
10587365
22139884
20307667
21821741
15588338
11418362
16827719
6252865
16454356
15269153
6157024
8381342
10342370
14669168
12439287
15497218
3220748
21251053
10625634
12417034
18279996
17878288
24785954
9543445
11450872
11881973
15117678
6419736
15526167
20118617
11167551
15220699
17117017
12913802
21339756
22269110
23138183
12072408
16938264
9091302
21134983
10203388
20970638
18025881
19043871
11678376
12606488
18276786
9614005
21385904
10585881
18705698
23111540
17357450
15328132
23033370
8049235
9192461
25264305
15027082
15862693
15548214
21998284
8891168
17438129
9785611
12377894
11133817
16897354
22212460
10393004
12674693
21217777
20457546
22778217
11170910
20861460
20029816
8706246
11592606
12974954
15470720
9433481
17158782
12065643
16121368
19647029
11569988
2002455
10623437
15048731
19517235
11120956
21901072
11153672
23320822
20598556
10763893
11590487
14765985
19812450
16623637
1952835
10480863
18176666
6159632
12444946
19549668
24742402
15865433
17414932
25400757
18402936
8723455
11517441
18771604
24824118
9792373
17534855
9357999
8389930
19075072
12815042
21933660
9544521
15718840
6318080
14624108
19498007
20140064
21604602
1383601
15273085
20646288
23664642
15601494
8850782
20661471
12058698
9210394
8390807
2524368
19661335
10853975
9852271
3470603
15593250
12174906
19826195
17409929
16979191
21412772
19644890
7534063
24304686
11832924
17639073
11543371
11416710
15700398
18838000
17391719
6482725
24751900
17460476
24205034
16174657
10857566
16923893
10934499
9137106
18950632
1907024
9176494
21308489
11861513
17509745
11362896
12741630
8417175
16474202
8000858
11191134
11420374
20007546
20382594
18340356
10525162
23924586
18025237
8652700
9636272
11024142
21461612
1859202
15369509
15848153
18823320
20927715
20956018
22285998
7905248
24721928
11362619
8417171
16488074
10752047
11941556
2469126
20586936
7749802
18346714
2942457
24106818
17158963
8555311
14601648
25375675
15621371
11139836
8255817
20652679
21364065
21109974
16213084
9191018
19019971
23873832
6249066
11740193
16342170
20959484
24456047
8102148
20102272
12062487
16440357
19478813
10075065
20810452
23771907
10850453
24664581
11250913
16672661
15598079
15805281
20571066
23284742
23302874
11594121
10894299
17364075
3164101
20169036
17525632
17349211
1284305
2942386
11840268
24885612
22305102
12184262
19681689
19522656
11342373
9974405
17263626
17638375
11366230
7512957
1707962
8278024
9850703
17181966
8299870
15944783
16207371
22575825
2384866
7994621
16916630
11085722
2752105
22775220
9522776
19549814
11647051
16221218
9002490
23881414
12811213
14977839
7777526
17109309
18258687
17905198
18676881
23632890
17666793
19661294
20006981
16732904
9477117
19319137
21782920
12147603
15812879
19291178
17615261
11443049
22614006
17530996
15084499
11375963
11363205
10495460
8092635
23630200
22209266
25016145
11216925
17202416
15116926
12358276
16614969
14603510
16099221
19942751
9709461
24866407
23892457
9797252
14630641
16419116
15108264
2847555
20406843
10742724
15327411
22099967
17097618
19111246
23673111
7479571
7840911
21193223
18976507
17825288
22944320
7624707
11095985
22346539
23386060
11862111
20222027
9792357
9740019
22083267
16773030
15579099
17258075
17070790
18756093
1351284
22234739
15788405
21821601
25493605
12531732
11980845
16876885
19856307
17383969
19732056
10202965
24688123
19366877
15241890
22232517
18614871
11493454
16557219
8670111
15373043
17096496
11471110
17148583
17367874
23006819
9819773
8581423
11361716
11102673
22116937
7688367
24887008
19670067
15705793
7539917
16709987
25361558
18065496
14647441
12520254
17245571
16964824
230711
22167332
22773164
9818790
11101080
19006382
19230696
9384487
8510628
10944112
17003480
20104785
11543804
1338236
10935684
9841849
18461655
18425813
16439000
8793012
20956338
23751390
17303121
12594176
18204076
21933582
21496886
15942891
22665120
20156454
20043072
9558898
11708177
11363130
4129816
17494632
18343275
20023701
11035614
11126001
23144692
22592183
17068196
25153084
22729755
16053397
12576549
10682130
20580792
10432712
23183438
11220365
23103560
9804810
23065700
21302238
19010684
19267405
1374900
16982781
15800920
10391107
17114478
1902288
15800939
18292192
21031547
19430099
19610421
3541131
25369248
15280162
12782675
11317672
10853991
14640390
11353335
1348605
21531336
9567429
1291319
9816747
15258978
9356907
20200558
11693196
19187869
10338373
20090780
11589822
16939704
19921309
9105840
7855550
17916901
19852960
15652967
18923691
12039977
10037435
12799554
11105142
12711855
17429842
20020498
7913149
7690501
11417761
16103255
20424185
15456928
11794864
24760543
20569503
20514595
21330653
19572427
21488705
20424188
16544145
8277267
22078148
16896585
25449776
12212160
9520152
12183239
12037150
2535961
12387365
20203268
19830690
20001970
21497740
12002668
15335286
21507332
22865594
12830416
12853763
9537953
16838248
16160602
12474580
21284408
16153910
18428951
15941609
16222316
19255258
19787253
19709444
17393199
16608439
19521253
9523983
18660442
15273717
11366305
17252264
8466698
25540198
1726018
10849730
21699078
24286116
10202837
15746185
1654410
22593043
19276805
2905940
18805488
20148420
16113323
20936827
1616964
11707679
22951630
11548625
17109009
16539665
15664241
20542844
12798626
20537817
9535994
23056318
11592603
21182344
9591710
3479753
16632118
3016264
10983660
25140907
9531020
22227465
7714742
19447932
12172744
17900250
21417953
9314118
19845855
22507337
22130242
20813809
16245320
6978321
23564756
9873592
20865175
12153332
7505854
16163451
10757420
15757458
11101069
12575618
19273808
16230478
20599444
11726555
19863619
20157787
20405531
10821793
14766874
18463785
12608469
18195053
19204325
9796993
10449303
1567464
23411401
10493502
10537442
11511820
24269535
18683042
11568971
24602489
9260876
11293802
9811159
20406990
19509251
1724924
16493593
9120322
11583905
11144643
18199618
23539671
8060543
22534476
15707588
8318471
8874227
10700949
10899464
16684522
14585213
17662512
8903305
1349654
23625500
21035436
1279964
15802927
15033458
12899537
19877541
19082717
17565651
18353103
12667140
18576413
12778368
15363630
2787472
24138392
19917390
17763553
20377404
1451364
11444473
10914487
11137876
7718197
22265248
25086301
19632960
20508485
17179211
7459892
14523276
9495670
10488413
12813001
21864507
21636267
19727000
11931582
23454647
22344541
15238216
19220194
16431862
2817812
8279809
22544198
24729604
17612403
11819183
14766214
17225313
18250187
11213928
10864206
21411660
16286924
19724912
18155117
18756069
10636491
17134970
17321635
15538971
19682100
24487312
24810778
16503922
24614370
15616792
11481220
9084443
17888523
1482777
24115038
9342084
10364282
9809561
12125711
20642685
25514300
20045043
23144728
20152169
17259370
18045120
20608012
7840972
1558722
18066858
22994793
19493905
14975207
15184886
11564864
24318883
24188702
7475783
23599900
17219285
2522293
15163195
19906824
18923057
20299957
21164354
20679489
16388859
4027872
21205091
8757422
17078482
11363329
7910053
9644003
14578462
12842892
12243135
11361527
18423597
15695787
7523016
3744194
1729569
11755816
10353405
23280011
8468563
8302016
15964195
20834163
12048207
23071812
19288189
19049696
9127264
10583359
24602357
18379349
10952566
25022915
14679919
53071
23506378
11053993
17854044
12692906
11691941
19671587
23732699
21876034
20473947
10203579
12675232
24218367
3390176
1437513
17196258
17054670
17971790
11570089
10828845
9792379
10597778
15172438
11364820
9377800
8328988
20168200
11698713
10919037
16964822
16608665
24526731
4126333
24535036
19576651
17086106
18503190
20428809
9790584
9760122
22975353
23416120
11168932
17917393
23803598
25397533
12384844
15797520
12516959
23589370
19219957
7908297
14695662
23672107
10823212
15598877
18492766
20003034
23426121
12886900
15793185
16169759
24532565
22160938
15450948
23451143
21762289
8620411
2094697
1703412
20829706
69031
16779780
11394075
17400803
20204192
24566671
12370521
11108389
8931210
2958968
17329994
10715111
19237608
23629015
18320938
19219656
22174067
15856910
11563052
7858060
18052319
15973769
11133687
19210162
9355843
8060335
17431385
23725141
21220057
2735927
23606057
21612153
20224928
11237739
20011114
15064239
12094266
20535771
21499541
23241595
15313474
21128991
19182918
9128888
9804347
2190731
18404570
20657516
15474458
12867654
10986277
11875736
16510128
2059383
1328268
1515212
22930796
19747186
19053612
17133596
18577749
11356667
11882360
19648232
11815602
19282778
19569230
2528969
20635919
15151824
22742455
11469245
17873993
65477
9462427
8847000
16207716
16167376
8192467
9376408
12015083
19033880
14646571
9451980
7667167
17854027
11816171
1975370
15307926
11367194
20002500
16555278
12824746
15958549
17329165
16339163
21805138
17054898
9516441
9282812
18444839
11962349
12099163
15664059
17633777
17192153
17433758
8930211
23147731
18579006
10703807
23627972
22391793
21794813
8775803
9143701
9325244
16142337
19741268
10066908
19758793
18302884
20476843
21820713
16181689
20020058
20828303
20697142
8835461
17065409
2570818
15898808
9826777
21562720
8098905
9846185
2569669
17849119
19692655
11363927
23281640
2891473
17516242
22008847
10228057
23646980
8099121
20694532
21282432
24955456
2104226
9779354
16799983
15714490
16904982
20196782
10327166
19522012
11756183
20155744
20403221
25321193
8845407
15808571
17292584
15158152
24040068
6508821
9465679
19779032
24675873
19601775
9107545
15371692
12968626
17949267
21056493
15717218
7906384
19541932
11363719
17627278
16100012
7055806
11673859
10049294
11361910
8254092
15315966
20390481
19726696
11923259
10342863
10474068
11711428
25224004
24530475
7973634
21625474
12790516
15633256
15898104
15578975
24811313
15208528
8128197
12956419
20959493
10912951
16446370
18759321
10877501
16677505
11364751
24637545
9987485
7504733
19757389
22736542
6175912
12690227
19243242
11986314
12049491
19087975
2975739
11023281
25214052
24900627
24175833
17015049
10480293
2580934
17896893
19395378
19568175
2164132
1347383
23976957
20874040
15878627
15722030
20351055
2814601
17001685
18585380
3166607
11362460
23756809
16712874
17463171
25035533
20532678
19597728
11362748
15381941
12211167
10178543
22761898
1932948
1902139
10563721
11802319
16269552
10649567
9117037
17059380
18398971
16781696
9343127
16465664
19364769
21334901
21068147
14982771
17971717
23949743
23899586
19692129
21857317
20223830
16566083
9474025
20937847
11180398
19789342
18776921
19956410
11861873
12578834
12895695
9096889
12909348
20179994
20031523
18809972
19456850
21053275
17033525
16755006
8686712
11562065
10569182
11363019
21619646
16075303
10564531
22703967
12705887
15925386
15146435
17199331
15185338
10950796
7844404
20530687
17897629
10330164
20087660
12835540
19514121
8598782
6990987
21826597
12377986
23303121
9033226
25265063
11907433
21787242
12937165
18171220
16499282
20630669
11363008
11155901
17712111
10996115
17374610
15153665
22504846
8742107
10885777
19430528
15931583
23098508
15174023
17371144
10954341
16021872
19505562
23481668
22544519
14513418
9393221
9872292
18566468
22327077
16897660
18671476
15527974
16287074
18576177
15755507
1356870
15817467
11585002
8340193
19087226
15171696
19195878
23911388
22327096
20571923
10670010
14576152
20298144
20020129
10225828
17436221
10413310
1659165
21457400
19190346
12119044
8788116
10408703
18751644
10889166
17432977
20630305
21677430
15809919
18692133
11186180
21396852
7490943
16387304
11426296
18570162
9147417
11361632
10547161
15809905
20032538
23844765
17355225
7770393
23124354
9585869
19200321
19591609
24594380
19525472
17140607
20405023
20031221
12016462
12238450
20003244
17145119
1661552
20185344
11459429
12967331
17259126
19201032
20501833
22450157
207886
11192857
12684909
22207162
19682396
15257078
7505846
19581416
12753630
12390379
20047847
21544241
16115207
19694040
12485911
25222708
24499953
3932244
22748590
20798501
2023876
19390242
11361845
15561826
20079473
11813992
23420097
11496949
12215948
15051730
21955541
11344989
17416427
1519301
11871314
8483109
8815712
15255894
24523258
17717820
15872296
8426295
6894108
19958652
20408888
24134561
3478843
12160175
23920225
15247154
15855524
21091860
24146496
24477245
18981773
18936108
19455716
11465855
16339914
12552087
14695695
9195908
14991075
9207061
17709369
23312977
12188390
17879930
20028826
11397656
20207814
23511301
21881229
18299405
16091258
8271401
15584915
11880264
24420746
24798770
15557448
12904130
15293603
12416449
15131468
19037922
15254165
11365394
22613387
16787667
25523385
12410563
23887170
18993071
19337998
17044035
21447877
24458091
24516703
2670715
20562210
10403515
8341644
14965371
12480928
15024026
16000397
20397898
10515890
11361846
21629510
9060662
20015112
11363973
16312182
16044578
19906878
19947174
15951729
15848161
10620015
21289079
16690780
24263104
20167987
15885814
21440773
8272401
17143823
12524082
15030585
11825939
12009407
1969561
15257544
16556093
15688787
11424807
22594850
7718882
10630964
18488334
15939312
9867210
7726989
16236128
24094913
1600750
20086149
20160045
6322451
23723424
10896650
1630911
16018804
11141283
11448730
21567419
15119569
20592075
18459119
20826931
17954363
17535751
23126266
12005104
17496561
15109539
22967911
15386838
20569498
17723473
21833590
16906405
11682671
19590937
19035132
3924431
20140989
11823957
12058956
2904787
12125607
10958868
15114044
19384955
10218952
15595429
17507476
12271305
9740229
14602748
10708946
21939503
21207958
16403261
20452633
19943026
11707669
10066923
16847405
20090848
6262340
17929270
25503182
15118614
11919387
14688456
9802988
23978715
24298581
2774426
12757841
8781503
12540259
11366404
1487677
19116363
24752601
11587349
17703780
10597795
12857725
15866049
23349789
20963445
22078905
20215880
15027688
25028473
24330475
15816637
12750439
19168569
24817219
19092855
24993731
15843497
9767632
12767466
7680393
20544520
1331054
11112032
16055726
20118242
10443579
4139979
9631132
11994098
22935152
25351164
11938059
9584205
17962184
22068035
8988109
2574380
10858351
17054435
12376281
23244151
6284981
22544197
11165483
1285548
17302253
16334989
18251175
18590003
21949681
22119170
9456293
16277840
18515333
16716415
12196469
19138723
20447748
21936563
15138780
16973886
17980404
16319793
18219368
11363605
21129455
14991243
16260917
18651984
15075019
8093847
16178433
10750028
23084317
10487770
22705956
3293772
11362167
15635158
11322278
21972559
11255235
15002085
1321865
20428783
2292590
14562861
17726753
15318170
21301813
9533981
11156591
20544840
12002278
24979445
19341224
18806342
8102853
19346146
17575268
10997015
2452786
24642522
20519629
15027115
20659133
9574328
18261960
18073073
1667566
16718881
19411826
18667707
19933689
22544200
21436709
23821283
15625077
6161479
10797535
15556091
11948457
18672249
19549583
11822930
8556406
20522586
8838205
11775935
14985174
17219615
15188202
14722448
1331148
7144727
1689015
19787058
19447222
21151977
11590145
8220740
16884376
8483753
18036617
20371694
8579732
16772724
12416448
11367349
16152710
2026186
9598761
9749369
20585942
2719463
9360926
16625987
20658659
10895439
12239175
19785955
12023901
9542937
1935242
12456616
20537867
24326379
23874756
20444542
22207048
20961377
23046419
17073519
15052985
11348472
25393417
25542465
21070190
19150247
11734746
1430384
8633656
8631998
17205518
12738688
15854170
16011531
18559494
15638725
19711178
11801567
17074144
15105115
11942406
14576352
17416429
23666392
18187414
9044837
19837754
22017513
15501530
17806172
20561612
20570635
19032422
9386818
12736519
25483955
1769199
11971858
8387660
12440705
10428942
8152287
15950748
1545153
6086046
16669853
21633715
15722350
17210742
18668152
10081923
11051390
10847551
7908924
20137928
24266618
22855527
17306214
19704131
2654114
22067611
2016713
1671969
9848467
12667960
16769608
12523893
8968350
21299717
6172557
11003582
12063373
17436219
23499215
10830219
18057932
20020446
9826650
14509984
11158206
17039426
14767066
7545854
12904355
14565328
15577550
21726129
20363054
7532645
10554818
20635921
12530474
15886376
12740342
18433023
12028019
24498351
20943338
18272764
17267381
21343355
2034499
20887379
16683234
24254306
10029242
9821179
2507652
24325830
219255
21245950
2670403
10628805
1706572
23481873
2026611
22011183
16643232
18751697
11363125
17901238
20403585
2813411
12934123
3040355
20802176
21455432
11307528
20538683
7903976
16507410
20507205
11934684
11527387
10713672
15170362
24291780
24886859
2088425
18413206
11365483
24259633
18034206
18314447
25449434
16850744
11249139
20950062
19667106
11808108
19182921
19837876
16878155
15596050
24215971
12208669
16021650
23832418
12558195
12667250
11224577
17318196
10576418
21146400
15272392
21939471
9039864
12499197
16182288
17881167
2282416
1593181
19441079
22385505
25344834
12900399
20852162
24337110
12648410
1971347
18279995
1646585
19445098
21039844
11700497
12604635
10971862
2836001
21325069
24492692
15287232
6231091
23579861
18953268
1663732
15960227
22542871
11964543
21880977
7558233
17785545
16409866
22301704
16164651
23097559
18029614
20663861
12757254
21132271
17878757
2544840
16872319
55273
17931662
14622174
23931277
17090405
16815294
17437058
11886812
24297508
21855232
16007151
23797844
12892984
12904301
7542323
19350281
14565445
9873509
15028733
17310813
2181102
19474474
23278367
25108432
20385846
18438935
21840662
18154750
21718505
16141544
18495114
21860002
18835162
20200393
16208003
11365572
18220290
11363640
12076508
18071913
20525923
19010841
11188420
23519646
15878347
12700465
1318131
23094055
2350441
2847040
7695636
21330326
21975817
15571252
10614650
21079688
20578518
8807067
11566756
16077930
8843227
12717749
20878065
19798702
19798080
16879143
10454458
10218950
15215493
16021866
20923527
17065027
20805684
9714159
8315299
10026418
24293544
22098553
7861883
18472965
10858507
23727582
8692236
1331442
23404405
9422802
12226489
14738456
15753390
23747720
11166663
11263775
1378738
15612614
12594314
17509035
1347821
1737822
15255544
22304575
3003073
20506162
9159403
15744882
20424526
24669013
19389873
11390579
11825335
9884079
15823610
19562679
17713155
14996458
12169692
10840180
12019092
20098623
12819058
16506363
17666455
21528939
11782921
25274227
16854505
12499209
15316568
7682164
7693686
1971504
10651068
12675522
15648063
11988098
12360777
15341518
10408505
14600578
14752292
12004881
11554546
12187527
11423555
11036953
22471361
8309719
15808881
16647340
17373782
23507686
14565232
1942423
25102273
9935231
23797691
12765159
11077219
1660675
14996278
19169768
18273524
17917391
7522429
19117926
10780712
12679479
9174103
2415134
21205876
22871832
24256358
15587480
16978025
16171557
20872970
18510846
12816387
16005295
24282600
19531928
1859988
7513427
12732243
11590515
10574937
21700628
7519626
24714445
10800532
24947996
16565411
2984987
82207
2727639
9821730
21272320
24930654
21294867
20564814
14556598
23820056
16403268
19526965
16373647
19911963
9643130
10449302
17259450
25574960
3261316
2679096
20549698
11727760
3111083
15892677
11367261
21803024
19906461
22096965
7542607
19150583
15319685
21313810
17328659
11284734
10362800
1806007
12370129
16799887
2201430
23649620
11362964
19678894
21536991
17928646
21911604
11872999
17719796
24275255
12046773
8626464
10952257
23026813
18356150
15652673
17173069
7854480
15307012
11600826
21135252
24783987
20422343
17936676
3474895
9327151
22099071
9662214
9173884
22867538
12554743
19913585
16091756
12461702
23973740
9810707
8582889
16321498
11231180
12696628
18436961
8028807
8494379
4141824
14717776
20426865
12637086
9932611
15577415
22134685
12526924
23624506
10998064
16449969
10533620
19601847
12384076
15934942
24025024
23273664
10604957
14696559
4094430
6246532
12942141
8849218
19805143
22228137
17409635
10826489
19145733
19457988
9814439
18953273
23410027
15115961
10913356
8764139
10682135
10842182
1742082
15090777
10749116
26423990
2123003
11363129
20337899
10087035
11364566
20455766
25294805
22810896
18296510
15989523
12660225
11665695
10547088
19168402
10335803
12025529
16900752
8668848
18627246
14714567
20452385
17694300
18410440
15067356
15712358
12473559
10771080
11778652
23594266
45883
21417758
17696228
18253495
17296739
18219662
1670591
24895437
10830185
12509448
20455761
11725205
11493603
23010638
10622045
22404052
9809716
10636251
14719107
20046149
17031577
10586162
19665910
19444894
15373042
18510890
9220913
8549687
19801659
10950843
12640183
19221121
12384799
17918155
11985792
17469139
24798191
11783744
23878399
12469185
12969148
16528469
21508419
10760260
18616907
23326144
21516199
18428144
11128572
16875702
7561186
15095479
22618809
23123830
15904918
11811856
11387833
18251726
19784070
21323896
18397755
19323037
19249676
20038326
23593353
23104099
22750687
21246566
21998736
11152310
79997
9810904
10362102
21526120
15579146
6251603
2105796
19101490
21340405
21715310
11562767
2540109
20719938
11362981
11789300
2435692
9316424
15996115
10824944
7660950
16581180
17562437
1975929
19930539
12505348
11049836
10485596
25156503
11738121
21433342
9203667
1730673
11238664
24855688
10978781
1723280
18032822
10682128
10356543
15635419
21487249
8960066
20870946
13130407
17296996
15095233
22435244
24298985
23610529
4119222
22502714
15556647
10577345
11451033
16291826
1359486
23807155
12227214
15614707
20169113
10416535
15778519
19076071
15269139
15753898
12003178
11192853
22914581
24716523
18230695
7904665
9458325
19426909
8108532
11368535
16469801
15018851
12184243
11431108
11466219
24869935
18439064
6160908
10027878
16174080
9922028
20189999
15728537
20455763
20618587
14769801
10760086
19865000
19256025
24116110
16426483
16690132
17420589
23016931
23594964
12180106
23970191
8220752
8941667
23595625
8654542
9302452
11932901
3900420
24681357
16061984
23373701
17137603
15500556
20639905
16466739
11092986
9211938
16691068
8187007
7522556
9064189
20193053
21316680
19191569
16786175
22943898
9563295
1709036
8634344
8641365
3501941
20529092
10710207
15710169
7688842
20127348
11238529
24655804
12131213
16628189
11274070
12781096
10052846
20153378
22200406
11365053
23982808
23828593
24660840
9349480
11584019
23941304
18930722
15024020
18336724
10392984
16251433
16419160
11032736
8522947
17069767
21841134
17036249
11585637
16763521
12626353
10342319
2474897
15590467
17918094
24445144
17170221
18680694
23077707
16820926
20514309
21844869
23364446
10464020
15980101
16783823
18222122
24530278
19451335
11561104
23723990
10790262
11786974
10783317
22095671
23590302
22689429
18418895
1907501
20567985
23243633
22079318
15000583
8724034
15829297
24772825
16831297
11095973
20487243
15814901
12714564
23312691
9164416
18771049
8548332
19874684
1830881
18359028
23080229
18940940
19429474
12829813
12794758
21321419
16886117
2691783
16928190
15571581
23784080
23371959
21411480
12845369
11322947
11363131
11208310
9675393
20578818
6750759
7694068
11366727
22086082
20122159
16143957
9443667
21392168
15031106
12003380
15205382
23039130
17235585
18643970
23548070
9204393
21220706
15038863
16391871
19662738
22701748
17363492
18497958
10613402
8064492
21441484
11365862
11054266
23768248
19483728
16584837
9027477
16473539
19011018
19271262
16399490
20053692
22446748
11374710
9288115
20111072
14622187
10365382
17184850
16404598
23952469
18637063
25077927
8666084
21325417
19443570
22322846
