18505791
10386880
21672918
12775234
11923480
24361682
22231149
19815837
23568259
12750168
17597712
10969082
7847877
17438052
15017612
21051505
15777100
9574066
22927429
10896599
14764809
18418251
8797722
6220563
12606224
19641804
16632869
16909123
2384864
12386924
18097238
11125881
12051990
19937734
14600570
12244121
11367185
4139659
24627483
18663428
7802996
20667977
25156561
12507403
23776637
20824097
17397797
17417971
8387546
23503652
9722536
19152408
15350734
8849258
2571071
14592428
1847498
18330233
1478551
24010570
18455359
12966368
16775128
8029731
10987840
9920829
12936993
16951738
11196597
21185709
21201919
20201406
10948398
2608364
11057942
15797371
12399160
17114891
22135137
11872993
20715109
11579243
17515708
21944884
8704186
11529681
12364863
19036131
14626129
3037393
15355414
18435806
10467133
21844300
19621276
18643938
10910058
12117769
1329065
21622722
15350539
17311906
9895221
20123985
14761194
8843311
21707591
6280607
21410070
16981593
21727754
11807692
16303287
14656329
23690481
1538705
23590583
21325633
19195431
11359661
19212684
12969524
22336274
17216843
8894571
8067765
12388648
7959316
15475953
15592528
20379721
10891871
12576330
20492346
24459646
11363915
17127704
20683978
11988080
16573788
10643669
12046772
20203687
7942407
7689030
11698350
7853519
14499786
23719350
3163102
9498433
16060859
11590519
8934528
9679242
23826993
18822888
10100299
21096145
8922447
15617348
23950944
16810107
18618240
8851606
17547532
6239591
18346273
18436816
15334656
22159149
15274664
12362313
22163350
16176175
9769110
15581889
23807273
14553829
15936523
17065504
25179522
16762634
17332525
15989460
12479217
17337204
7529334
19483324
18289624
24310362
9303881
11134659
1980026
19277991
8970699
17720143
25120166
10517977
19448675
19355810
18456873
15007093
19826320
23055609
11444526
21242961
22950382
12805462
18302991
2544405
15792950
20092632
22727452
11364207
22761738
21998282
14513286
8135846
21453134
16996059
15537346
23792026
18069942
8615898
1580296
7935655
10086505
20553736
8151857
11254501
11364600
15682302
14982794
11317084
7508746
11363805
16649742
9923448
15627030
11681268
18973392
19637180
1693057
17445771
14600519
13130151
12711064
23132660
18628479
10493996
15107837
12624159
2649700
19635196
10601065
7519020
24838991
17058264
12873144
12914758
10795085
16709143
15261767
10607705
4131275
15019015
10469244
24064308
24184702
20026269
1771362
21501631
16194352
10319612
24826884
11371689
20727389
22138034
20686411
64616
17956829
11701706
11709344
1942388
19747809
18056676
21502494
21524961
11105990
7911290
11647253
23486701
10069879
15451026
21441236
16452063
18310519
22161164
10749136
15642322
17624412
15843428
18684007
20521384
15929696
17370299
8652853
9657450
12116413
23824072
22108192
19195328
20107711
1295721
9663665
11589825
10764033
23772145
17075901
15110584
22524809
19637428
15892257
21037231
23813333
20803229
24218996
1793682
25288788
9815904
10198159
14574327
10935057
23337366
21078813
7544050
18456582
10531336
2016843
16042416
9845493
19815608
9432697
1665069
19859801
8602844
12734046
2774609
11981363
1975038
14871982
11213361
12960233
9137384
11786665
22374835
19529746
16263277
12545078
24794742
19332469
19304969
17541168
2435942
8151898
12886011
14991500
21970555
23939237
1374514
7514857
20516561
9225661
9593029
12707024
20185094
16550752
24083986
1867645
9608423
9569762
11166759
19459813
21342505
8834914
2533247
23540562
19302023
23748100
16422819
9122537
10901292
10960761
18724489
19770695
23962762
10581744
22202183
11155904
8843205
1763769
12617967
16595913
9451826
20059578
11711492
21305147
17688497
15280461
376531
25257285
6231103
8843207
20823350
11536225
11897682
17785115
10738363
10353867
20152835
15491288
16984218
12010639
11170624
1622182
15013700
736794
18996209
14962266
18331615
19238537
24944232
16922944
23973255
19015351
18329003
10682127
19223914
17455651
19352508
7519674
19901095
1549225
14728848
12808092
11159740
19937795
19757789
19409914
25087096
21147882
21436619
21191858
1705278
15191748
11579284
1708977
15828857
10682153
12147348
15509695
11333931
15040544
8450246
444533
20001499
17873903
17983429
17725414
20129916
11373784
23836561
23347595
22540680
1930780
10516467
12033190
18675907
17724739
21600649
18410600
11365393
2033586
10363341
9425010
19401204
22262763
17442206
22206678
20046148
9107259
12606735
19730386
17705667
10643562
20869394
2337016
23079799
20571075
10878502
9572907
8271376
16764056
17173234
10574190
24419351
19135251
11363206
11896687
24824254
19797222
15771441
10721456
19148530
22427977
15803328
25344835
9885283
20527972
10165046
11237839
9721816
11911975
23718774
20153503
11948124
11553520
9508631
1323681
16849835
11591557
24729586
17150318
1345951
16227795
12970762
18547486
12033186
15215179
15569978
19710412
16242410
15195902
11375760
11436238
24674717
10952249
14708691
17913856
14506173
18474683
22706009
21348415
17071953
8805876
8847003
21360625
2314727
16162014
24244586
12710532
20237245
17467166
9342076
15507779
20381931
21865287
1619563
18187583
22183451
17612972
11691563
12653935
24186139
21999765
17329833
20518834
6271097
24436471
23240583
12153444
20705162
23088987
8022405
15632041
12916011
12876460
24760888
6298618
23220260
8277181
18398973
12213282
15731227
23187003
14696115
23552285
2521663
23727052
15175350
1329628
17981328
18006046
1377741
20588182
2613387
20072652
15720534
24169122
19259951
15331199
15125753
16806674
15780803
23146752
8383931
12472227
17391804
17363962
23912465
18366100
15286712
25158963
11312349
12831059
17889855
15681696
15105100
12818349
12615664
18272654
17086997
16023257
18650488
8650698
23174862
17312463
11303038
22023709
19385008
18025898
22263609
21907337
12229892
9589815
16861876
23443493
20466002
24157905
20981785
21628887
1355714
15134554
24844570
23393589
17294519
15721278
10560754
3475519
18786939
10222017
18785501
16831586
18525037
11218998
12031898
22585534
11888890
10223222
1280649
11503786
23957306
8827965
11155728
23517019
21078936
21918421
10417505
24946849
19219952
24548645
8657531
23374847
22204275
12374919
24008855
15025001
18512141
11245675
16344894
1674092
2570972
23764352
22323484
12853611
21565428
9105409
23940782
20035426
19416639
24991287
23333058
16556181
23789844
6280376
15086534
8648614
16297390
10072471
24305625
1405811
23349783
15097151
10438346
11594679
15964658
15958386
7516658
19239363
23816567
10853990
16153779
8585721
17289086
8891146
421235
6844332
9581828
1389940
3079383
10915070
2869661
20453881
18614879
15875314
9117455
15168719
15229369
18223666
22895388
12115584
18090280
7650678
10432716
15829026
11361694
10871760
25108436
15763658
11195467
19491261
20358252
18513703
10939552
10586854
16814471
9224776
14688131
217163
24932614
19328798
9206551
19524486
16858423
16430198
10999829
23977189
12173560
16014720
15258106
25168696
8233426
20170373
15568888
21665894
20856226
16418013
9756772
9486396
16293628
24361215
17380269
19588525
19508594
20080884
24986715
8446597
15501531
21858171
19477923
10776415
12444120
18952246
11879569
14744535
24342949
23832742
1540402
10357395
12645593
9677183
10413520
20113495
2555965
20808289
22901226
21446007
8234218
20516550
22084402
7935662
19948402
19792869
10569808
10049275
14693529
22545676
8850146
18708631
22814015
10783169
11850247
23043387
11872995
20498253
21899598
19133532
24457633
24284332
16186745
24568465
22936656
22290198
14583493
11968789
1347442
11118121
230720
12507886
19808907
23564789
18953270
19228205
1912896
16225378
9677161
16891067
25218426
19604599
12199596
9586644
25481590
20869253
11363384
20729545
10526336
23111422
22782142
10582616
20644644
15271420
17505984
23893753
18356641
19103117
9174279
6275027
15950618
9086161
23124112
21877203
8003111
11605538
17057609
24690257
12368959
12816913
10546861
2497744
15667552
20236364
15139971
17302377
7528786
16343605
18185912
2947889
15718843
15708990
18472315
15917995
20350879
11426070
16288785
22844109
16900456
9704635
24693866
21893120
11147572
1398494
9754853
19043838
11520563
12122362
11076070
2006142
21478362
21154355
19601897
12438957
19788420
21858617
18391217
15466861
94344
19341330
20375273
23946415
17999941
64381
18999929
8395167
20439918
14729435
22119067
11548206
11158089
23378339
16740748
17197193
16775978
20495075
11365684
7170183
21741392
23049692
18586434
16324913
10591440
11389190
17430653
9306895
21239696
20136635
16039380
17196403
22036233
8989215
3930334
20302871
9302001
19641936
17523244
21305389
19326172
17701593
3008316
15996200
23097632
23088336
16739918
7728597
20709216
20840000
17121226
19787267
19039100
11070935
20211677
213014
11363148
9667370
11930317
10881994
14748354
6275014
9121196
19650897
12404171
18650264
22912891
23263005
17114828
16639014
19569053
11518694
10893965
17550060
21559840
11739613
8292899
8527087
16437776
1283519
10182223
25174839
10723508
17479107
23713520
7055815
25760535
19539522
21441463
9779612
18680107
22427797
10919481
23604122
20074207
16334558
18776937
25203754
21315735
19361493
16141522
12818967
23298900
11316991
18295200
16161055
15938857
11300161
20934482
9697721
12170999
12882839
11376495
18585971
23595992
22207735
11546946
21419663
21150556
19011673
11325809
1361751
7683360
18336260
19338056
22773132
19388184
17371437
21088996
23202802
12615301
22641097
12192562
19502990
25485537
10077168
8094822
15375375
11141247
16010434
20535242
17627507
15477368
14501790
10985332
12058291
19534666
16260905
15749458
11211313
21715120
23558991
1753345
1972499
19219951
20051382
9764780
12616452
15617686
15535419
20384945
15470752
19711853
21566148
21337710
10844575
18544941
21771566
20128981
10462037
19541594
22362694
16914582
9240351
11366229
21717016
21895414
8065956
21802104
11162372
11353615
16945123
19236193
8520096
15126373
11680566
23076771
19911386
19007042
8798694
7512615
15373054
16786535
24405490
18434948
10438770
11262212
16218800
24030850
19358568
16431967
19830555
15627041
22410312
12218408
19724686
11327441
11563082
21357304
19914791
9686646
9793032
7799722
23612802
20647555
15763468
8542939
21383058
17656585
11365395
14748057
25788239
9736542
23128672
11782366
24870791
14571186
25200885
18845950
22820172
2489607
17638070
15090798
16042082
18477240
15673728
17457107
8061247
16399572
10954890
16563858
19509078
17074040
12651604
2848436
17192514
15091323
23962557
8367006
14990784
10622035
20512326
11242195
16718876
24090055
11365647
16554732
10228080
7900951
18458892
19034669
21351434
18991802
15948689
19337377
17456774
15101995
7510786
24887313
21273440
17624828
14521329
19079597
17704685
21417819
24913443
16616982
20332649
17172978
21252140
15937304
15134547
16616734
16376326
8297880
11168755
24661980
25103850
21767570
16464744
24880687
11214960
15681805
22100453
17686056
14506017
1665208
9255560
16007217
19430814
7574535
7622877
12117783
19705107
11364215
23746745
21618517
16493336
10531419
18005238
9303664
2790794
88006
2536257
24735474
18096827
6239431
21715435
21615099
10959482
19337374
20951295
11862741
16723446
11363856
12946433
11983530
15193138
8929367
23533048
25178676
23742167
12769051
19564587
2259321
8838715
19391129
1719488
9224813
19951574
12193566
1372911
18362865
16940083
24769348
11774836
15377497
16913724
19584159
19344674
11817211
9847359
20637465
18693339
16260723
20094073
12361705
22161156
23943028
12949316
21177832
2525901
19319982
2824170
19637288
24227862
22285938
19669091
15097303
12162178
8975409
20000887
16091071
20418096
21807127
12194983
1656858
12167268
21605080
2671931
19955845
23331791
12856344
25244616
17455669
11080630
11366057
15623795
15011598
9143600
22734706
17005807
17576696
14988393
8127252
25394047
22283963
11297268
15470276
9952382
9764794
11953472
23444256
1671528
3299089
14724827
19458467
14513417
12886699
15059807
19589079
15986416
15638994
21238464
19096392
12693776
20629586
15347670
12534963
9650987
17545703
23991099
16750945
11228517
17976262
15893417
22677043
24239717
16165109
16543296
22247338
2162190
20086048
19555889
15764852
12663814
10585790
11789021
2084707
22716111
19494397
12788711
11267973
17072129
2478279
16795142
8540701
11982471
18447985
16539671
16088821
17080576
8318885
23166798
19876077
12648409
22085598
12546158
2753594
15918144
18375437
22728875
7587078
9286303
24299220
25223811
10094597
10048694
14731163
20875231
15617677
11137458
18249480
23749968
21789719
12533705
19935077
23618858
20054854
19830428
17293374
8373717
12127432
24098069
18981767
23136357
11559018
22829924
21896912
15882124
10864635
16025667
17525530
17905805
17354164
12679656
19528813
21246559
19885586
16771851
8096962
6171344
10774587
12072439
22842995
18171278
20610562
1677557
15897466
10096579
21393164
19672860
18353870
19203906
12679700
15334633
14766204
11075942
19842973
16271706
11738060
21059223
8969246
15039225
1346807
10418041
9405155
12679488
21095483
11364615
2955032
19009651
11273226
24334184
7905034
17461861
1705038
11943274
22287562
23464667
15542096
15661369
23912038
21043380
2558314
24401645
21726465
15513932
10696632
10728378
15302841
9222695
23490388
20201776
15480895
9835758
8188788
17177569
2661194
11463208
23836560
18092264
21712657
20878191
22833061
22253149
19617849
14731166
23442498
12702993
20809360
15651756
16025138
16373708
10757541
14695657
9249617
11366883
21282584
17041008
1698379
18312210
16879246
24576267
24341479
20558747
20849923
7700387
15292266
22509030
12111005
17461854
10805695
15878706
17013806
18667925
11205866
15212614
17893128
2850454
19519449
8861550
11362400
11566490
7506701
15916042
11682785
2168194
20504226
23583719
1717988
14996129
23361509
11363655
2406532
8639644
20298599
20388208
19219271
17893155
11936567
24579667
12057854
18710499
20981787
19015293
1378623
20053996
15063163
11278824
15319674
17601021
17964968
21872060
2532240
15448160
24851271
2477658
23951362
8787912
8442631
17367896
10842861
20506350
17159773
19022884
11590977
19763775
16971503
15564466
9527790
12079201
11590539
22068498
22090316
24533834
11776044
22445500
17510436
20104120
232235
22031759
23650158
23284052
15336699
16205356
11090432
2577348
20424117
20956811
16481288
11181147
7650864
24889539
16472913
23770270
12008783
21968965
1536553
11326734
18040050
21617217
19770281
22415266
17457089
1354168
25301739
15324465
10083224
25525240
12753145
14583782
11572599
17336841
8540745
11361794
9538862
18385069
23318441
15534120
24161160
20585629
19858092
22814162
12467059
15645294
15728533
11353775
18607531
23078793
17169379
15609356
12393476
9289739
21192699
17435318
19119245
2973563
15940877
20053980
12195876
15961674
10176068
15684620
17901709
18331765
25511411
22864671
7634402
11775803
19372987
15494915
15154405
23273495
17043048
16034693
23028913
18541646
18445227
9362037
15879075
18300867
19175605
2342052
25053419
8425017
20421306
14580651
18459127
10707928
12747447
12412570
17363928
18637053
2837011
21861235
12154746
17499721
8537676
11304769
10432724
12717043
15936816
16299731
12824806
12212041
7487693
11601758
23017148
20696778
22816034
2554924
15453340
9002648
20962104
20454512
11104733
15336437
10371173
20524975
21344955
9235503
17245797
16158886
8431613
17706388
17241380
12759727
9210628
15290871
23266465
21453163
1721354
11701448
11367485
18757430
12679480
18636433
19952374
9583597
15668873
18281366
16963830
19400999
21353385
17075343
9761526
1732501
11687726
22095574
8953174
18610556
17096336
10756483
23182953
11570812
22864060
23188704
8197392
22144129
9534751
16863488
16861293
21257741
8861829
16868862
19390510
21092280
18482208
22441541
8592986
17802917
20557867
15843610
15037537
12679702
25505268
10864467
10681570
21941165
23576565
22971343
19815620
22959925
16155788
23125220
11681839
22508516
23082557
11923366
12045678
11546952
1411456
20815772
10351897
11425892
7979286
19133796
11367234
2473151
20632282
12032080
21312071
15482179
20696779
12153635
20659176
20843787
17611669
11365269
17537522
22807533
17825157
9588429
12169762
12473607
19939499
16203768
2571970
15519673
24498049
15081153
12202759
25512378
21067396
14871182
24282028
21257221
10065260
19359031
2206706
11646715
1335467
3164168
11737363
17096492
8721557
12614151
2503599
15238876
10788597
14708688
17053356
10771081
19220677
10510443
19047093
12501642
19631345
23771104
15738637
18989143
16354566
18692043
15471832
11366287
21539734
16188099
17192635
16273218
1484740
7534090
23077112
15196815
17447315
25315813
24666184
24671490
23945386
21389227
11732941
10210973
23722880
16770788
21956366
7915361
19775780
21707880
24460325
11526546
12780677
7260907
10839603
15023449
8043011
19651117
21753120
23321692
16338024
22711604
9631134
19549705
1477316
19176399
2438524
20716133
19255939
22544184
11951839
11696005
22413748
21115466
11124297
23432466
17549442
15993334
17893092
3030346
11327445
11968782
18318036
15380627
18490073
9260424
17332623
8985335
22542355
23054116
20729709
10788596
20882284
19064851
2679372
14766370
16005712
12142037
23475608
20431394
11768863
18089783
21233411
2718548
7870153
23215758
15363968
24957708
19628728
10546874
22408765
11536230
11361462
11236827
22785513
21908315
19930801
16940413
21143175
11468109
17174722
16301332
15888794
23884650
17604538
8785416
16556868
7509370
17210794
11442772
11723917
12644112
17170219
17546589
1493577
9806487
19480945
12351521
18804293
16640829
3518720
12352317
22391531
20980024
24596389
20686505
22297601
15829306
18027175
21861313
15645135
21901985
10662883
9480317
17197817
7542498
11774266
23951042
7718185
17291011
19671252
7535532
15055205
10653521
11730812
23792108
11653972
20158399
1567584
10910039
23153762
22209000
18834857
16469813
23830655
12429040
1787033
24223915
12804006
11485826
21119013
16468957
12768191
18632752
24508728
16594488
17242918
14996430
22758658
16306034
19100229
1281153
22914580
16221732
20555071
11267517
9717951
19116370
15724816
9201623
16041768
18036104
16770290
20466759
11246029
20969782
1665018
16369916
18249529
82450
22136805
17372702
12182375
22433304
21318847
23404993
11502883
12037663
12458488
23653362
25172054
1714756
19136942
20539078
21374657
16211221
15236618
16910828
17331968
16792863
19348346
19433559
24832174
10861265
15556999
20828607
19464279
24637942
24828266
18332899
21598246
8810093
23385314
16770245
21742840
17607775
23892161
17632935
10456659
16373389
19937163
19915744
18830757
10395885
24533106
8641388
16865265
8156956
64468
2462737
19036099
17013895
20567182
14990649
20672994
17962868
20428813
16026762
19850045
20063478
11566323
12723951
21533140
25467930
16320946
12082459
8165194
18179454
19493004
21035468
18625763
19203903
11433274
12003172
22815702
8737914
15814462
12565887
19089644
16024942
9492261
15865224
9548815
7926161
8556398
21804018
16614704
16042895
7969062
21241972
16497706
24002200
19270314
14600571
23098991
11464832
9520175
15353992
14521913
21642372
18211533
12870156
24633717
11322263
21707574
17283246
22648417
23182046
22750998
11448280
12714657
16899569
23851911
21453205
11061559
7942505
22022460
20811049
12718406
15723827
10779626
2983082
21739437
10400767
17309817
12008931
19027725
23422558
21565184
12437485
16650840
18585385
20149311
1576720
11506965
21508263
23884910
16365973
20385943
20392990
22938904
11043381
23080225
14559157
12647675
15485693
17878054
9530549
15980969
18515830
9841822
2107475
21605082
22271227
10502402
2124626
14768053
14565249
12705789
11647200
18240884
19196395
20185762
22465130
23953849
17174718
19111553
22884451
12115513
7856987
2683087
16044148
17504193
12937171
22949889
21966426
16219331
15893538
12384395
12517789
16615118
20425486
23365453
24068877
20116627
23306000
12727877
12693362
7507922
19823068
15563074
11019439
9753683
9420308
16758553
11165122
17924832
2306294
15842613
19933717
8764037
19779319
15771434
19531575
9003002
19283769
2893909
7682251
16120380
17722305
16689759
14585820
24597485
20560191
9498464
1694849
16504235
15040531
12205285
11484785
19433268
22826629
3022729
22982076
19484392
16297948
18413365
11134546
23555613
16306855
8595509
2031694
10460756
16494741
14623321
24681637
17667340
22619076
14699512
15738310
18495812
19995221
21403644
24997081
15985436
16470119
15134548
7500050
11779441
17112859
15949067
19111493
3110952
17079992
8589267
20074791
2139174
12435249
12650706
15875311
18234736
15206064
23322197
11657087
12960166
19116004
17785565
25393997
9873507
9405231
7908231
24666381
17761763
16203773
7944313
23688327
12425757
19622468
15932694
21029453
15472796
19759509
19549086
23846568
16334706
5111766
10910322
8781570
18628460
1590305
11745483
20644905
22351686
15051689
19767318
16043458
25231545
24164431
12487732
9639890
11364636
20885282
21824782
19628709
18453862
8883594
17850672
18473784
2297248
12367719
16964429
2064415
1719712
9256950
19200835
19853562
22369697
9567423
9331561
7755916
10906833
14713309
15595150
10997402
21813379
21963223
11361695
20471979
17255468
19862666
15764961
9128861
22583904
230288
21649864
18085485
7475727
3547200
20492683
2574936
20886108
7595365
16871231
15991985
9224400
21076344
7544302
11953898
15788639
11218704
7899342
15587052
2162118
25269821
15063336
12390170
16843452
21308866
23184467
1370694
10711680
19497197
11873070
17943310
15746792
17892124
14611686
17153453
16639345
22314292
3166515
12750477
17885292
10952598
9841827
16212002
23274144
16616768
20063052
1322647
23916148
23686482
15124583
2733116
8081786
18974494
18366313
21351426
11093845
12969254
21593686
17940398
11207212
1681232
7527427
10681517
11800293
23832086
17684475
15160513
9734884
20075985
17912247
6270349
18952324
10950090
7952075
8387207
9174175
11431455
15304309
24998352
8347149
22665130
21457435
23166317
17233093
16884934
22972034
12594295
22344535
10070404
17852000
21440578
24518210
7944315
8093809
11897591
19776778
11033124
17898645
21082889
18729332
8394159
1832460
24532286
11865777
1478606
11297518
6196823
10809178
16124848
23124613
11012391
22537439
1384425
25225815
24151397
17546665
19572270
18827362
18204793
9708334
11130125
7916049
12426314
19545503
7513921
22115853
23645216
11112569
16420514
21813700
16943297
7515609
25019367
19038776
17630550
19500415
15924870
17363743
11160152
20705587
20646776
3935109
12546633
23719347
1989059
11366793
18006614
21365086
23053738
1920499
16554246
21441454
17708555
19459988
19372871
11022078
16464578
21283552
23867482
18492773
2682195
11086865
19631680
15099358
22012077
12079898
15472862
22761416
18413791
17129361
20345885
18495115
10395849
18367644
17919229
12362304
19164550
16212951
19572987
16860698
23038850
17982857
16275623
25397531
10438382
11322266
18194921
11688136
22823755
15268907
21396117
8547241
10681578
20855888
9232436
19928326
15456082
21351432
14980640
21310944
10515382
24778011
22212320
11742653
19883428
20935166
18688858
23778376
20691260
9811915
19038366
12297539
7679213
9383730
11364606
20813913
11209138
21161111
15108839
1586383
18812224
17825155
15346248
8403077
11344113
16428510
19108985
15936484
21288478
18025224
12455408
8955064
18417367
19226409
23853347
21687638
15188214
15459018
7540254
17519308
16440366
3028398
20861741
12500177
24508732
17786128
16716291
15221977
17696224
8982651
21300762
9461044
12568221
4133183
23824739
11462897
11362369
7908352
12056219
11563538
11982700
15516720
16687474
8466682
12943688
20020496
20881249
25548283
11123374
22128293
16218172
16932910
11300789
16715780
19300101
21530612
11529355
9495224
15336447
24970910
12951948
25236573
8128420
10965960
12960836
10864644
15986240
2159701
17023428
12369943
18089719
15244196
21545202
23235953
15048802
12058057
19191010
23539510
22874619
15225441
19723522
11867630
25163419
2471188
10630523
10423540
8758262
21914060
21035559
9922281
10681317
8896496
15000590
12942046
11470991
20045322
20466804
762107
11118035
19729375
15251352
1374554
9833742
17667333
19351162
24380397
2553284
16142640
19751368
24102429
7514143
17719021
17934056
22680981
10759771
17562864
19184018
21272454
22680235
23846872
56995
12906854
17182109
20395786
12775721
24004004
18058129
8789024
7710271
17244889
18715933
10644091
23246380
17703532
12170987
17716343
18677025
24012751
20958254
19132079
16788056
10842189
15869001
11724768
24680058
11796518
20533872
10590317
17400303
17225338
11371823
20130910
19074734
12689410
11089635
10432650
18622025
10884373
17150312
8959748
14656638
10853993
17220403
23696886
20400409
19118040
24440681
14986922
11708178
18090047
17500590
19043840
21308995
11890907
12529267
11361999
20458071
24356645
11366889
20456759
15713831
16119459
12972761
17443384
21986810
18311185
11547461
9626369
23027684
18287493
12973888
12792792
17825973
16718888
16113783
23653330
2869302
7639984
21220007
17189831
8154877
23605563
16568374
15497037
19237551
19479655
21235813
20361540
13678965
20492722
1283712
11365539
19338141
9749412
11288740
11594171
9310291
11673226
17067356
15577426
20728136
25312984
21277298
16917002
8993757
12197800
23029197
20543095
22928893
12741368
22763559
7532386
11366159
11355270
12021178
17323506
11365354
14754431
10623730
12064311
22727353
21384111
18354251
17922559
25249331
16505013
6625561
25449782
23333901
23867473
19625464
17651887
17639508
20351777
17848507
7990178
12676178
16690797
16797911
1608936
12356944
21163886
11710431
15117449
7594440
16368772
16307366
23934972
24584039
9203666
20125064
24343051
21068540
10327482
23623255
14657023
21569189
17310819
15520858
15234833
17706193
17935739
15851922
7636846
17298543
15202407
6245224
11362885
9292277
25463191
15363595
11884549
1650660
20617875
15254889
19719953
12467650
20861237
15854289
9559787
21858193
11529667
9656606
15094373
1551378
22191389
17893910
23302090
24929186
11695999
19351097
23546014
9089033
21156965
15934343
8844019
11547600
10995982
23342170
22251542
12004346
19769072
17688078
2878146
22190606
20796276
10898683
23466866
12853767
25209965
11460038
15890205
1398904
23832664
22348467
24810906
24002585
24641448
25176164
10896779
20519553
17541585
18642791
19402031
15878868
18981583
18422476
2984988
2622255
20021254
19389878
16271772
24562648
11891145
9834952
10997397
19135128
19562334
1701568
20198983
9801169
9292587
19194317
23227444
18353892
10877311
20333620
12394258
10652164
19075038
23404822
1678829
17669339
17952410
20020271
22708075
10354426
24007390
16553322
10877494
18338944
9556471
21815147
9869508
19407006
19840955
17548900
19697617
9333146
1851700
19811804
20080674
21139584
9491831
24522177
7878678
9843396
18337547
21318588
21157295
10658616
23056627
23468971
16787983
21354861
12227851
21062974
18594980
10894300
15717359
2771942
24252530
10893955
23036890
24508264
23864333
18360889
18587642
17229371
23922365
15473896
18494942
18567076
19025649
10535358
11244024
23284704
20429874
21862423
14751415
20888277
8741018
15556994
10464145
17650091
11362237
21165785
9745959
16870800
23790164
12588974
16157236
12816669
15681097
17784786
1500232
17961108
1322108
21047391
17056198
9586079
12228894
16193576
16206068
7591783
10616733
14696081
20445071
18759708
1318865
21677875
20929349
15589039
12629172
18641005
8520600
19840196
20231428
20921951
16290277
19195437
18374404
16556873
7775417
23847723
12021635
9640494
15750150
16394022
15228089
1325869
20734150
15547726
16960342
21772791
16260913
9869339
16762632
17374606
11121398
21171085
19813074
20473119
19483721
20375339
19588183
18290748
24374745
17646678
24468782
23860481
6186901
22948034
18453043
23645740
19543211
17353236
23300544
17156515
17222675
14516771
19630033
19782636
11535132
11935398
17280617
21331075
2235183
7932526
18403233
11069214
15550068
9126339
23015131
17600392
17457098
20686221
12439041
2127066
20032541
17904371
20536385
22488367
25012722
10601506
18296721
18056793
12589839
20212039
14696132
12512035
11694850
12541993
9420063
16387496
18032525
12879950
17962701
25397540
21994743
18076337
22303466
22912826
7906300
20652876
11854600
10768922
12203396
9638882
19723048
21564091
16778716
15076293
21461968
12138126
19882246
8393058
9090857
16913488
15211947
17096355
20946589
22975570
11434632
22581165
16278676
18678988
4143646
20543706
24005795
15894583
19933942
1300663
14600516
25926858
16611195
18221300
7695264
2689316
4136832
21464197
21557937
21357401
22829702
10069380
3039052
18026987
11096021
16282481
10715167
16144900
20407463
21079066
22303447
17942462
10453969
10191847
19422046
17216846
9452018
23033116
24813091
1400293
202665
17536052
7901434
7887987
11850255
17181169
10099139
15302515
11750940
7510944
11181149
2542824
7332492
7695293
10926847
3044082
12451504
19047383
17195214
2257295
17020946
17320031
7682649
22581908
18085674
7514016
8886995
24065372
11340636
11262215
9845362
1281644
17026478
17636009
8648224
25473882
15855480
11366576
10555199
11657295
17374047
9050862
23503730
20587852
16951652
1717074
10487477
23305775
20739083
9861913
17319344
17907424
12663505
18830936
9667590
20700128
17674031
3099781
20226641
17988989
20196951
9145735
18837800
20111592
20192724
7577692
11367497
20435696
10397562
14729908
10859272
10935685
20127388
12917239
7910039
12131209
10523161
12941938
2243716
22624695
16120501
10421048
23349803
1349148
19966853
24223916
19708869
14722442
16405840
17065009
14603531
12400488
10845563
17244247
15475935
23261845
16368562
12783131
11397508
21178801
19388823
15965202
17310851
15843852
23685110
21633906
15973721
19492457
17950228
16941076
9634074
11181915
18195561
11563847
18533784
22496778
22393310
22269145
21888550
6244238
18589484
6285731
10844279
20438378
24372792
8335449
16527165
2109797
9031782
18992796
18343800
18086415
12838741
10937734
12619901
25505243
21537828
10568831
20103648
15260135
8387182
9551083
21397017
16184550
20863238
16207097
24167244
19771848
22377713
19915448
1346202
11886789
16445949
15110129
19007723
8426301
17803774
24940339
16893617
16274041
12750552
17637427
17940116
16901605
16856628
7912084
22740708
20032772
19832114
24048734
7810285
22971013
10337461
23976881
14742256
12388547
15773915
16435391
15980689
23686917
11495913
17805972
7491155
15308640
20796192
17069802
20043084
15577644
8710758
2448281
11529718
16330322
11086861
20425122
8220776
12763072
15308624
22910127
9527665
2469664
9710268
11022335
11817579
8140896
11362736
8823538
11810817
11571730
12350235
10357681
9889213
12122364
6536598
16996013
2507927
15642134
9302441
22359615
19813763
7509142
17211966
14643315
8098237
12470265
1463737
12209881
24223881
20925123
17342404
11642018
20926791
15054113
21319036
10800869
19005871
24046423
2365208
16954433
1761201
20710064
19635964
21498532
16891452
9052722
15260889
8007915
14963815
10839585
10220855
19038372
15318520
18426370
18222088
22121550
7514014
12176680
18608761
11668517
15483463
11647304
21355324
11942411
8535785
1708400
15361767
21368854
20660679
10796894
14676202
15257104
21036730
16371225
16099546
16207801
20419833
9733130
9612607
22067069
1774603
9665362
11707420
21734530
19200173
10622589
22930503
23833931
11171249
19325197
12801239
20659543
16476733
11834972
15491953
1310779
24810779
17027731
11365772
11514355
24696218
11312622
8642696
17951979
1942200
11131739
1591433
18652994
17158758
15075534
17510285
1553069
8690757
18331636
11315101
15967414
19249947
12109776
10432678
11032369
2400523
11681811
21124841
12810056
22688660
12554364
25397525
15848526
23211630
12037146
11794208
20635178
16502342
15641096
17869136
19154426
18771671
20949562
21457055
11589824
9742478
10579357
12168906
16032647
60141
12932292
18481172
8058044
9620341
15503139
20538278
19918102
21211285
9249014
25196457
3010857
17167067
24994007
19230057
11374371
14691149
10577662
9917834
9833848
14986616
25297346
16958757
25187919
16870269
14970370
11578070
10861857
20696882
15369510
23288032
15644458
2687881
11367335
7902243
8594239
14635219
15225422
11991811
20125114
22197535
9815239
22116819
18309148
23720322
9628511
20515419
2904032
11366948
10770346
24580719
12643131
15545372
19851860
16757703
12668583
22225690
19521959
16798622
7641180
24225381
19798124
15838352
10555386
17994109
15645452
18178718
9699213
11834481
19095956
7479972
21788466
21663768
2537461
2232220
20810988
18776492
18090403
11735620
15483093
17617271
8693145
11431374
9849068
8097199
17067265
18670224
19741149
21411736
11457879
20512931
15662126
1381716
11085196
10602163
16417466
15075563
21434529
2427720
3079403
1310785
23749777
19587031
16258173
17156484
11485574
20071597
15870843
1377102
2582706
19794228
21373966
25633447
1602822
22649704
2413793
16891850
21719718
16828893
8543688
16156074
12164653
17069928
23273273
9296365
25070158
2479076
21321415
17766677
7502035
12634581
7536057
21266088
24720832
23072552
23211425
20642846
22425687
20308533
14754430
20636973
17530711
16758425
7695292
8945694
21572997
18520343
15599526
19480560
15590648
14600585
15096506
19043874
22846126
21490261
17296464
11810565
10597779
16518957
25037223
14565308
20658310
10432702
11179476
21701779
17539726
20599632
11249129
9294122
21734048
18360888
1332703
16722034
11590538
17635810
23341544
12093308
24039256
8394419
19932007
15175338
10985314
25229850
23997027
11719534
20127818
20655722
17321474
20736455
11872998
11841991
14999519
2545165
11927671
12495296
16093311
12943995
10449287
8412206
14647053
20135338
16981258
19761353
9508641
15039226
9030363
8972688
25818739
21472286
9497073
18353875
21145972
12767082
16485608
21504903
16289100
9633994
15627034
16926775
9574526
10195060
11979107
12163132
12949072
11646740
19195435
7523383
9531016
23364876
13130421
25241291
19026946
19304867
3534534
11738061
18984007
14612922
11364756
12898512
18486912
21976617
18493299
9928724
23213040
22841437
10881369
19132064
1421032
15226308
1888176
8215271
18199171
18662609
10479319
14523345
6492261
19454287
15718272
20626068
19107976
17329450
15989459
7562927
10971611
2753134
1714562
14732719
16142317
23717468
20169056
20813877
9241112
17869461
25411341
17890670
16033961
19329983
21890776
20827168
21286666
15313913
11218297
20049841
17627501
15623782
12400787
11365121
24659573
18060101
7524038
10762121
11365404
12883681
12932376
17907377
21452064
17884148
10839605
19952270
23404657
6827562
8804736
1465574
18614917
19774346
15727871
18724490
512074
15067631
1808919
12473537
15040657
2152567
20310012
11126361
11363090
21763936
6252834
22592070
16218176
11886382
23369747
17352452
8658155
9870390
16620438
19292832
10947317
22373735
24652493
15673287
11600827
11157717
1695683
18299183
16084773
18303126
11426089
15655751
23832539
20471636
11444830
12433680
21167783
23743089
20060484
1706576
11373776
22772059
22227174
10079876
17649785
12162498
11363968
10985766
21899534
16724341
22468613
17988233
11331617
8293572
9816259
15050749
23233043
11365218
12415569
12042315
20504903
16829684
12556701
11365132
19126381
11440622
19038365
20032547
16329178
18384985
14567067
11428741
16705311
19681953
24470966
20233975
16243536
22005996
8679816
11364976
11362140
18800014
10197374
2991710
21856754
16687123
11204721
23467940
16798619
11646737
17352033
20491916
10218951
6236773
23979733
17363582
18438340
19222148
14581482
12887826
12915680
20164298
9039536
15585101
16014029
11440963
16871019
22137614
21301804
20406979
16870771
14585518
22859496
14871970
10661561
20507927
14523016
11364970
11470240
24053127
18794807
10192288
2096426
2377134
16234287
20010811
16996243
23097623
2237546
20052598
16541117
11124598
11364106
21122543
12773103
22245592
23521375
24700200
20831192
10546879
18687142
17984811
19024543
11367381
25355313
3121073
1441434
15771454
16701552
10029270
17341304
18220944
24287039
12927206
11605817
18813762
2470934
22198514
7531918
20034141
1716894
22302482
11361870
21426186
10530919
19377049
17122584
21925600
25330803
20116625
21061268
12110607
8902626
7815370
16944240
18310089
7915047
24491543
24819355
15673931
7683687
19821532
19360289
19653139
19320233
16135280
18616919
12519935
11477100
12942669
20058056
25462235
11482518
12925333
11365762
21943115
22984602
3204184
11367369
2150323
19323830
15087825
16988528
18234639
10549391
24333914
19686341
18028137
16308532
12916905
8627655
16152713
12903127
10915164
8506339
17825651
15545194
12445886
7686460
1381205
9401963
18689635
15713665
11424008
22984529
24498333
20703447
10415816
11362651
20220130
11017835
6172286
16114112
20145251
18315950
15703764
19226673
8594346
19622750
2594033
1649576
16375928
7807166
19061505
15536137
10848182
8818233
16505747
23726914
17334394
21210228
11254905
18211287
18406487
18320935
16301311
7545738
17571956
25905245
1346053
21997204
1676283
24740100
22461910
20854206
23418516
24067903
19968575
24451948
2230248
20193370
11818674
16282056
11115953
24670802
23315316
12681070
16785237
14700537
15203180
12232846
1324033
8970698
17086055
19131501
11797178
19890837
22264044
23305385
9021196
8193419
24929235
8844016
21062959
16432201
22677042
10608149
12492018
18181175
20145198
1739408
7903542
11361498
21950400
24098024
11145582
20372843
19701233
20412401
11312650
12685238
16377203
20975512
23490367
21186536
18042341
19389001
20039412
17887732
23991004
19474650
10971173
23921730
20364105
21319273
14501900
8290319
11322264
11805718
23071790
18547619
20505169
1382382
22914542
19446581
16179520
15635600
20943454
7113804
16939126
18800153
15346199
2336993
22067482
11093847
20007826
23393329
6260538
12760869
2368663
12878551
1417829
21549315
22954798
18412629
24098728
20889551
24367650
18395095
10777510
11983243
17610380
12833133
11682726
20018891
25372523
16413242
19588204
8064878
6245699
9889121
11511822
12456235
12594826
19351925
20491781
24277030
20170972
16465381
23435690
15471560
20184882
12691958
18661643
16367946
24895459
12354697
9527775
18025882
23399044
23344522
23649914
19996091
1691616
17962441
15294073
23624649
22614021
11927012
17094468
9766252
10835842
10816148
16784892
12882653
24253341
12855604
19514905
22875843
12516523
21550660
21972440
16407828
11363244
11366128
22760046
17485851
20103723
1698157
11709099
16836611
23568773
10725272
11732687
21548586
20668682
10708287
16741057
10049256
21071579
18089754
12640452
24116132
15102692
7678340
21362627
17349164
8819118
20067536
19086131
10425264
11134027
9861904
2162368
11366845
10549381
1951487
16385871
1466976
16097450
15877283
1643599
21771211
20175795
8820566
23613880
8591371
10382631
8142142
2785212
11163831
11875720
12033185
18256392
16528529
17825222
17443494
14962783
17991490
19006142
24121106
23970595
22828485
16166586
17928881
16137856
16494909
15858217
9706043
15911243
18463421
10448412
22941582
21226
17597449
21415841
11366614
20671245
17993586
10195567
10393984
17575131
10546885
12967650
7900949
14697142
16447195
20132415
1941527
17218010
9606471
15604736
8060560
8417178
19561089
24150730
25395420
20622678
12659174
19620169
17220428
18055817
15928670
18181532
17550778
22145922
21134259
9342062
2840080
7618259
11342439
21107266
9277479
14498980
14693537
11552693
21038029
18027854
17906119
18239293
1995734
15622543
17492590
9333028
20732853
22750567
24440376
17907379
15858026
15917659
17592036
18073016
12094615
21920388
12422114
10143256
18258455
9869450
15196957
20458812
8099408
16931936
15820096
9830323
7476889
2544137
24105676
7541196
11189732
14991071
23543447
9746789
9875398
11369769
7910333
2817633
22120479
14585838
1385392
19165865
10359421
21239736
18370590
11362792
16964831
14565608
23849851
7648285
17467756
10493505
15242537
9048336
21325077
19307940
24788877
10841793
22184410
3228107
21519215
21182345
20049626
11340082
12753143
2960644
15000598
19403652
15897538
17485516
15951350
21718537
8035429
18265662
21484374
19318128
9443665
16240390
9203930
8633816
18187666
15389839
14638701
19755510
21741294
25398940
12497700
9529029
10193449
12461788
16386109
11181146
7524747
17725415
21703397
10906887
18487450
20161795
19744492
8233395
21939363
19218343
12075114
12621481
11198946
20578104
21156400
8101011
19929448
19502590
12462284
21366691
8313505
11366098
7837220
10785289
7546773
15449038
24747579
18045880
22935788
10560990
18056281
8983365
12170760
7700097
8311859
19176219
7905523
24047928
14699901
21254596
21493651
16239265
16723453
2445344
8395479
12407770
19787350
15220429
12892649
19620400
16218168
19102687
11986737
2594307
1518968
18353623
10863305
19654940
7527236
12482999
25150830
17136371
12902324
15589479
20854144
17391322
21256895
24650095
21718706
20220057
23297731
9040649
17044040
17369118
7904062
10432731
15456833
9145875
16469685
11095573
17646096
16200699
8469785
18184193
21703180
9373726
7548780
16152755
10726072
18927268
2078021
11852433
2500059
23713993
21046352
25398765
14706566
1283514
17105598
10746741
15047506
20049853
18179808
20471279
23664308
8492960
7486959
16504151
12842709
10700428
1534838
20501830
18543406
16751646
23369168
16340473
19338473
1979744
11364527
11684930
17413701
22878339
21152856
15991982
21282736
19102964
12534958
18413691
20935541
23373992
12552124
25011651
8074481
19866492
8507410
8383255
24667694
15777294
14751237
21508297
22742704
19406748
20680007
10755851
10969359
16025662
16757030
7657630
10530954
12704267
12792773
11874163
11686506
20455010
2126279
7692812
2570190
12734224
15259896
12796177
18404682
20925049
23045411
23921615
10888905
24505561
22301411
16934362
18199519
15200028
1345799
16008620
16034444
24128390
16759290
19386087
10049096
7766707
17335187
15453346
3481360
6228413
12942407
20179299
11062153
17234900
11121244
1371691
9517953
17336102
21866665
25195548
15282751
18930904
18344493
21937922
16158512
19420019
10633289
20096072
25362645
16700725
15010553
18398970
11531012
16311909
10861653
11496321
24071972
25398730
11245477
16817913
10603169
19048672
14635026
18971284
20367796
15907486
8734002
8178714
10768974
11819179
22709957
25078297
14669736
20410444
21689939
15771449
22879977
23229926
23036096
22404035
11302027
3300957
12502282
9248757
17357436
3815526
15011606
17851775
18192036
11458554
8697399
10504033
9465692
19372859
8977931
14985090
23632891
17883172
24021294
21410054
23944767
9254337
16079514
15943802
22327365
22955912
10707872
10813031
12492045
19230059
1336345
11364448
15851917
11366523
20559691
12573661
24161018
24468998
19230233
8938793
21924496
11272291
11138734
24721996
20204295
10561619
17626888
10942094
11366117
23056216
11069499
15217303
10877852
17062187
21104746
15833739
18354873
10433212
17919113
11968787
11239885
17627812
18310898
20156092
19379790
16448607
22677126
20861372
10997359
20530422
25034493
15948011
21567420
2004015
14578412
23481593
12139214
20729619
25478632
24257111
20935555
14625571
16043492
18836851
7550849
15035265
16135093
12876208
22496972
17000557
1372083
10618377
9487561
19195439
21159167
1426022
8770931
19421323
8998916
17327293
12853839
21537073
16804528
20847692
22800288
8425020
21860929
24276243
10620118
2456740
12270151
10026315
20151839
21110816
17334979
7727863
11964542
15582718
15867498
12960234
21533917
1678112
23836376
15998302
19697058
16950796
16343068
11438493
12554739
11365140
16569765
19626612
10551735
16350852
22318618
11817102
12397643
17684490
17113195
2109198
15655050
7661004
10882618
22664973
11362417
20974638
10926802
23963458
10373193
16343273
22822770
10902810
12540220
18481899
21150563
24008177
23486688
2242981
1323614
11229762
15115831
15471845
21902621
19726112
12869846
14627666
14617400
25054884
22981617
20519222
24591154
11362980
23674286
19322033
14602837
11366949
7705214
11125901
18156217
23145499
10522695
11120008
18314335
11428056
11956193
19881888
8709686
7618652
23631122
18665182
9384335
1874651
16873191
21201925
20132465
14519767
16601068
2899263
20159945
8815694
11738086
12601681
21037114
9131604
10789493
21821777
17454731
10817724
16630594
17645690
9175583
9084807
11755236
4120443
18636162
1566040
10195266
20796280
22246246
14533882
24710919
20204297
10699487
7854550
17030194
23669290
21940500
19307124
16101578
2928266
12445028
15597521
14751512
11527379
11575438
1721050
14531500
19212688
21203448
17920670
2497780
25285564
18823217
22841546
9182213
19487987
19157381
19483316
16127048
23499872
15015657
23072916
11361772
17201148
9587567
19172851
20378360
14567987
20859256
21765021
17097077
19128731
19840818
22312125
12554152
7893446
15664414
23408582
23833185
7948159
19150649
9629750
19646525
23071645
17578789
22276123
22703643
12698207
16236265
11729249
17479261
21071165
20160155
2031699
15843373
7843811
10519109
23801752
19738461
20424846
24728406
3190032
11027674
3541200
17064068
22278320
11520902
11556519
24385009
24567529
20599230
20064573
17331788
11802993
16621158
23236240
7507182
21131444
11190279
11741162
17937821
11093787
18827744
17500586
16046583
12462150
18028447
2508170
17096185
